absoluteChangeSinceOneWeekAgo,absoluteChangeSinceYesterday,bestVendorBuylist,bestVendorBuylistPrice,cardId,countForTrade,fair_price,fullImageUrl,isFoil,lowestPrice,lowestPriceVendor,name,percentageChangeSinceOneWeekAgo,percentageChangeSinceYesterday,quantity,setName,setUrl,url
1.02999997138977,0.0,ChannelFireball,0.25,Acclaimed_ContenderThrone_of_Eldraine_FoiltrueNM-M,0,1.03,http://s.mtgprice.com/sets/Throne_of_Eldraine/img/Acclaimed Contender.full.jpg,True,0.35,ABUGames,Acclaimed Contender,,0.0,0,Throne_of_Eldraine_Foil,/spoiler_lists/Throne_of_Eldrain_(Foil),/sets/Throne_of_Eldraine_Foil/Acclaimed_Contender
2.25,0.0,ABUGames,0.58,"Alela,_Artful_ProvocateurThrone_of_Eldraine_FoiltrueNM-M",0,2.25,"http://s.mtgprice.com/sets/Throne_of_Eldraine/img/Alela, Artful Provocateur.full.jpg",True,0.99,Card Kingdom,"Alela, Artful Provocateur",,0.0,0,Throne_of_Eldraine_Foil,/spoiler_lists/Throne_of_Eldrain_(Foil),"/sets/Throne_of_Eldraine_Foil/Alela,_Artful_Provocateur"
-0.740000009536743,-0.190000057220458,StrikeZone,1.0,All_That_GlittersThrone_of_Eldraine_FoiltrueNM-M,0,1.55,http://s.mtgprice.com/sets/Throne_of_Eldraine/img/All That Glitters.full.jpg,True,1.55,TCG Player,All That Glitters,-32.31441116333008,-10.919543266296387,0,Throne_of_Eldraine_Foil,/spoiler_lists/Throne_of_Eldrain_(Foil),/sets/Throne_of_Eldraine_Foil/All_That_Glitters
0.0,0.0,UNDEFINED,0.0,Alter_FateThrone_of_Eldraine_FoiltrueNM-M,0,0.0,http://s.mtgprice.com/sets/Throne_of_Eldraine/img/Alter Fate.full.jpg,True,999999.0,Unknown,Alter Fate,,,0,Throne_of_Eldraine_Foil,/spoiler_lists/Throne_of_Eldrain_(Foil),/sets/Throne_of_Eldraine_Foil/Alter_Fate
0.370000004768371,0.0,UNDEFINED,0.0,Animating_FaerieThrone_of_Eldraine_FoiltrueNM-M,0,0.37,http://s.mtgprice.com/sets/Throne_of_Eldraine/img/Animating Faerie.full.jpg,True,0.25,Card Kingdom,Animating Faerie,,0.0,0,Throne_of_Eldraine_Foil,/spoiler_lists/Throne_of_Eldrain_(Foil),/sets/Throne_of_Eldraine_Foil/Animating_Faerie
0.0,0.0,UNDEFINED,0.0,Arcane_SignetThrone_of_Eldraine_FoiltrueNM-M,0,0.0,http://s.mtgprice.com/sets/Throne_of_Eldraine/img/Arcane Signet.full.jpg,True,999999.0,Unknown,Arcane Signet,,,0,Throne_of_Eldraine_Foil,/spoiler_lists/Throne_of_Eldrain_(Foil),/sets/Throne_of_Eldraine_Foil/Arcane_Signet
0.949999988079071,0.0,ABUGames,0.06,Arcanist's_OwlThrone_of_Eldraine_FoiltrueNM-M,0,0.9500000000000001,http://s.mtgprice.com/sets/Throne_of_Eldraine/img/Arcanist's Owl.full.jpg,True,0.3,ABUGames,Arcanist's Owl,,0.0,0,Throne_of_Eldraine_Foil,/spoiler_lists/Throne_of_Eldrain_(Foil),/sets/Throne_of_Eldraine_Foil/Arcanist's_Owl
0.9599999785423271,0.0,ChannelFireball,0.05,Archon_of_AbsolutionThrone_of_Eldraine_FoiltrueNM-M,0,0.96,http://s.mtgprice.com/sets/Throne_of_Eldraine/img/Archon of Absolution.full.jpg,True,0.24,ABUGames,Archon of Absolution,,0.0,0,Throne_of_Eldraine_Foil,/spoiler_lists/Throne_of_Eldrain_(Foil),/sets/Throne_of_Eldraine_Foil/Archon_of_Absolution
0.829999983310699,0.0,ChannelFireball,0.05,Ardenvale_PaladinThrone_of_Eldraine_FoiltrueNM-M,0,0.8300000000000001,http://s.mtgprice.com/sets/Throne_of_Eldraine/img/Ardenvale Paladin.full.jpg,True,0.25,Card Kingdom,Ardenvale Paladin,,0.0,0,Throne_of_Eldraine_Foil,/spoiler_lists/Throne_of_Eldrain_(Foil),/sets/Throne_of_Eldraine_Foil/Ardenvale_Paladin
0.25,0.0,UNDEFINED,0.0,Ardenvale_TacticianThrone_of_Eldraine_FoiltrueNM-M,0,0.25,http://s.mtgprice.com/sets/Throne_of_Eldraine/img/Ardenvale Tactician.full.jpg,True,0.25,Card Kingdom,Ardenvale Tactician,,0.0,0,Throne_of_Eldraine_Foil,/spoiler_lists/Throne_of_Eldrain_(Foil),/sets/Throne_of_Eldraine_Foil/Ardenvale_Tactician
-1.75,0.370000004768371,ABUGames,0.82,"Ayara,_First_of_LocthwainThrone_of_Eldraine_FoiltrueNM-M",0,2.24,"http://s.mtgprice.com/sets/Throne_of_Eldraine/img/Ayara, First of Locthwain.full.jpg",True,1.99,Card Kingdom,"Ayara, First of Locthwain",-43.859649658203125,19.786096572875977,0,Throne_of_Eldraine_Foil,/spoiler_lists/Throne_of_Eldrain_(Foil),"/sets/Throne_of_Eldraine_Foil/Ayara,_First_of_Locthwain"
0.870000004768371,0.0,ChannelFireball,0.05,Bake_into_a_PieThrone_of_Eldraine_FoiltrueNM-M,0,0.87,http://s.mtgprice.com/sets/Throne_of_Eldraine/img/Bake into a Pie.full.jpg,True,0.25,Card Kingdom,Bake into a Pie,,0.0,0,Throne_of_Eldraine_Foil,/spoiler_lists/Throne_of_Eldrain_(Foil),/sets/Throne_of_Eldraine_Foil/Bake_into_a_Pie
0.0,0.0,UNDEFINED,0.0,Banish_into_FableThrone_of_Eldraine_FoiltrueNM-M,0,0.0,http://s.mtgprice.com/sets/Throne_of_Eldraine/img/Banish into Fable.full.jpg,True,999999.0,Unknown,Banish into Fable,,,0,Throne_of_Eldraine_Foil,/spoiler_lists/Throne_of_Eldrain_(Foil),/sets/Throne_of_Eldraine_Foil/Banish_into_Fable
0.810000002384185,0.0,ChannelFireball,0.05,Barge_InThrone_of_Eldraine_FoiltrueNM-M,0,0.81,http://s.mtgprice.com/sets/Throne_of_Eldraine/img/Barge In.full.jpg,True,0.25,Card Kingdom,Barge In,,0.0,0,Throne_of_Eldraine_Foil,/spoiler_lists/Throne_of_Eldrain_(Foil),/sets/Throne_of_Eldraine_Foil/Barge_In
0.790000021457672,0.0,ChannelFireball,0.05,Barrow_WitchesThrone_of_Eldraine_FoiltrueNM-M,0,0.79,http://s.mtgprice.com/sets/Throne_of_Eldraine/img/Barrow Witches.full.jpg,True,0.25,Card Kingdom,Barrow Witches,,0.0,0,Throne_of_Eldraine_Foil,/spoiler_lists/Throne_of_Eldrain_(Foil),/sets/Throne_of_Eldraine_Foil/Barrow_Witches
0.829999983310699,0.0,ChannelFireball,0.05,Bartered_CowThrone_of_Eldraine_FoiltrueNM-M,0,0.8300000000000001,http://s.mtgprice.com/sets/Throne_of_Eldraine/img/Bartered Cow.full.jpg,True,0.25,Card Kingdom,Bartered Cow,,0.0,0,Throne_of_Eldraine_Foil,/spoiler_lists/Throne_of_Eldrain_(Foil),/sets/Throne_of_Eldraine_Foil/Bartered_Cow
0.0,0.0,UNDEFINED,0.0,Battle_DisplayThrone_of_Eldraine_FoiltrueNM-M,0,0.0,http://s.mtgprice.com/sets/Throne_of_Eldraine/img/Battle Display.full.jpg,True,999999.0,Unknown,Battle Display,,,0,Throne_of_Eldraine_Foil,/spoiler_lists/Throne_of_Eldrain_(Foil),/sets/Throne_of_Eldraine_Foil/Battle_Display
0.41999998688697804,0.0,UNDEFINED,0.0,Beanstalk_GiantThrone_of_Eldraine_FoiltrueNM-M,0,0.42,http://s.mtgprice.com/sets/Throne_of_Eldraine/img/Beanstalk Giant.full.jpg,True,0.35,Card Kingdom,Beanstalk Giant,,0.0,0,Throne_of_Eldraine_Foil,/spoiler_lists/Throne_of_Eldrain_(Foil),/sets/Throne_of_Eldraine_Foil/Beanstalk_Giant
0.870000004768371,0.0,ChannelFireball,0.05,Belle_of_the_BrawlThrone_of_Eldraine_FoiltrueNM-M,0,0.87,http://s.mtgprice.com/sets/Throne_of_Eldraine/img/Belle of the Brawl.full.jpg,True,0.24,ABUGames,Belle of the Brawl,,0.0,0,Throne_of_Eldraine_Foil,/spoiler_lists/Throne_of_Eldrain_(Foil),/sets/Throne_of_Eldraine_Foil/Belle_of_the_Brawl
0.889999985694885,0.0,ChannelFireball,0.05,Beloved_PrincessThrone_of_Eldraine_FoiltrueNM-M,0,0.89,http://s.mtgprice.com/sets/Throne_of_Eldraine/img/Beloved Princess.full.jpg,True,0.25,Card Kingdom,Beloved Princess,,0.0,0,Throne_of_Eldraine_Foil,/spoiler_lists/Throne_of_Eldrain_(Foil),/sets/Throne_of_Eldraine_Foil/Beloved_Princess
0.11000001430511401,0.0,ABUGames,1.71,Blacklance_ParagonThrone_of_Eldraine_FoiltrueNM-M,0,1.1,http://s.mtgprice.com/sets/Throne_of_Eldraine/img/Blacklance Paragon.full.jpg,True,0.49,Card Kingdom,Blacklance Paragon,11.111112594604492,0.0,0,Throne_of_Eldraine_Foil,/spoiler_lists/Throne_of_Eldrain_(Foil),/sets/Throne_of_Eldraine_Foil/Blacklance_Paragon
0.8000000119209291,0.0,ChannelFireball,0.05,Bloodhaze_WolverineThrone_of_Eldraine_FoiltrueNM-M,0,0.8,http://s.mtgprice.com/sets/Throne_of_Eldraine/img/Bloodhaze Wolverine.full.jpg,True,0.25,Card Kingdom,Bloodhaze Wolverine,,0.0,0,Throne_of_Eldraine_Foil,/spoiler_lists/Throne_of_Eldrain_(Foil),/sets/Throne_of_Eldraine_Foil/Bloodhaze_Wolverine
0.8000000119209291,0.0,ChannelFireball,0.05,Blow_Your_House_DownThrone_of_Eldraine_FoiltrueNM-M,0,0.8,http://s.mtgprice.com/sets/Throne_of_Eldraine/img/Blow Your House Down.full.jpg,True,0.25,Card Kingdom,Blow Your House Down,,0.0,0,Throne_of_Eldraine_Foil,/spoiler_lists/Throne_of_Eldrain_(Foil),/sets/Throne_of_Eldraine_Foil/Blow_Your_House_Down
0.829999983310699,0.0,ChannelFireball,0.05,Bog_NaughtyThrone_of_Eldraine_FoiltrueNM-M,0,0.8300000000000001,http://s.mtgprice.com/sets/Throne_of_Eldraine/img/Bog Naughty.full.jpg,True,0.25,Card Kingdom,Bog Naughty,,0.0,0,Throne_of_Eldraine_Foil,/spoiler_lists/Throne_of_Eldrain_(Foil),/sets/Throne_of_Eldraine_Foil/Bog_Naughty
-3.0,1.0,StrikeZone,3.5,Bonecrusher_GiantThrone_of_Eldraine_FoiltrueNM-M,0,5.99,http://s.mtgprice.com/sets/Throne_of_Eldraine/img/Bonecrusher Giant.full.jpg,True,2.99,CoolStuff,Bonecrusher Giant,-33.37041091918945,20.040081024169922,0,Throne_of_Eldraine_Foil,/spoiler_lists/Throne_of_Eldrain_(Foil),/sets/Throne_of_Eldraine_Foil/Bonecrusher_Giant
0.0,0.0,UNDEFINED,0.0,Boulder_RushThrone_of_Eldraine_FoiltrueNM-M,0,0.0,http://s.mtgprice.com/sets/Throne_of_Eldraine/img/Boulder Rush.full.jpg,True,999999.0,Unknown,Boulder Rush,,,0,Throne_of_Eldraine_Foil,/spoiler_lists/Throne_of_Eldrain_(Foil),/sets/Throne_of_Eldraine_Foil/Boulder_Rush
0.0,0.0,UNDEFINED,0.0,Bramblefort_FinkThrone_of_Eldraine_FoiltrueNM-M,0,0.0,http://s.mtgprice.com/sets/Throne_of_Eldraine/img/Bramblefort Fink.full.jpg,True,999999.0,Unknown,Bramblefort Fink,,,0,Throne_of_Eldraine_Foil,/spoiler_lists/Throne_of_Eldrain_(Foil),/sets/Throne_of_Eldraine_Foil/Bramblefort_Fink
24.989999771118164,0.0,CoolStuff,13.0,Brazen_BorrowerThrone_of_Eldraine_FoiltrueNM-M,0,24.99,http://s.mtgprice.com/sets/Throne_of_Eldraine/img/Brazen Borrower.full.jpg,True,24.99,Card Kingdom,Brazen Borrower,,0.0,0,Throne_of_Eldraine_Foil,/spoiler_lists/Throne_of_Eldrain_(Foil),/sets/Throne_of_Eldraine_Foil/Brazen_Borrower
0.810000002384185,0.0,ChannelFireball,0.05,Brimstone_TrebuchetThrone_of_Eldraine_FoiltrueNM-M,0,0.81,http://s.mtgprice.com/sets/Throne_of_Eldraine/img/Brimstone Trebuchet.full.jpg,True,0.25,Card Kingdom,Brimstone Trebuchet,,0.0,0,Throne_of_Eldraine_Foil,/spoiler_lists/Throne_of_Eldrain_(Foil),/sets/Throne_of_Eldraine_Foil/Brimstone_Trebuchet
0.0,0.0,UNDEFINED,0.0,Bring_BackThrone_of_Eldraine_FoiltrueNM-M,0,0.0,http://s.mtgprice.com/sets/Throne_of_Eldraine/img/Bring Back.full.jpg,True,999999.0,Unknown,Bring Back,,,0,Throne_of_Eldraine_Foil,/spoiler_lists/Throne_of_Eldrain_(Foil),/sets/Throne_of_Eldraine_Foil/Bring_Back
0.0,0.0,UNDEFINED,0.0,Bring_to_LifeThrone_of_Eldraine_FoiltrueNM-M,0,0.0,http://s.mtgprice.com/sets/Throne_of_Eldraine/img/Bring to Life.full.jpg,True,999999.0,Unknown,Bring to Life,,,0,Throne_of_Eldraine_Foil,/spoiler_lists/Throne_of_Eldrain_(Foil),/sets/Throne_of_Eldraine_Foil/Bring_to_Life
0.850000023841857,0.0,ChannelFireball,0.05,Burning-Yard_TrainerThrone_of_Eldraine_FoiltrueNM-M,0,0.85,http://s.mtgprice.com/sets/Throne_of_Eldraine/img/Burning-Yard Trainer.full.jpg,True,0.25,Card Kingdom,Burning-Yard Trainer,,0.0,0,Throne_of_Eldraine_Foil,/spoiler_lists/Throne_of_Eldrain_(Foil),/sets/Throne_of_Eldraine_Foil/Burning-Yard_Trainer
0.0,0.0,UNDEFINED,0.0,Cast_OffThrone_of_Eldraine_FoiltrueNM-M,0,0.0,http://s.mtgprice.com/sets/Throne_of_Eldraine/img/Cast Off.full.jpg,True,999999.0,Unknown,Cast Off,,,0,Throne_of_Eldraine_Foil,/spoiler_lists/Throne_of_Eldrain_(Foil),/sets/Throne_of_Eldraine_Foil/Cast_Off
2.9800000190734863,0.0,StrikeZone,3.0,Castle_ArdenvaleThrone_of_Eldraine_FoiltrueNM-M,0,2.98,http://s.mtgprice.com/sets/Throne_of_Eldraine/img/Castle Ardenvale.full.jpg,True,2.49,Card Kingdom,Castle Ardenvale,,0.0,0,Throne_of_Eldraine_Foil,/spoiler_lists/Throne_of_Eldrain_(Foil),/sets/Throne_of_Eldraine_Foil/Castle_Ardenvale
-1.110000014305114,0.0,CoolStuff,1.0,Castle_EmberethThrone_of_Eldraine_FoiltrueNM-M,0,1.88,http://s.mtgprice.com/sets/Throne_of_Eldraine/img/Castle Embereth.full.jpg,True,1.59,ABUGames,Castle Embereth,-37.12374496459961,0.0,0,Throne_of_Eldraine_Foil,/spoiler_lists/Throne_of_Eldrain_(Foil),/sets/Throne_of_Eldraine_Foil/Castle_Embereth
-1.259999990463256,-0.139999866485595,CoolStuff,1.75,Castle_GarenbrigThrone_of_Eldraine_FoiltrueNM-M,0,3.43,http://s.mtgprice.com/sets/Throne_of_Eldraine/img/Castle Garenbrig.full.jpg,True,3.43,TCG Player,Castle Garenbrig,-26.86566925048828,-3.921565055847168,0,Throne_of_Eldraine_Foil,/spoiler_lists/Throne_of_Eldrain_(Foil),/sets/Throne_of_Eldraine_Foil/Castle_Garenbrig
-5.220000267028809,0.0,ABUGames,14.91,Castle_LocthwainThrone_of_Eldraine_FoiltrueNM-M,0,3.66,http://s.mtgprice.com/sets/Throne_of_Eldraine/img/Castle Locthwain.full.jpg,True,3.49,Card Kingdom,Castle Locthwain,-58.78378677368164,0.0,0,Throne_of_Eldraine_Foil,/spoiler_lists/Throne_of_Eldrain_(Foil),/sets/Throne_of_Eldraine_Foil/Castle_Locthwain
-0.24000000953674303,0.0,ABUGames,1.64,Castle_VantressThrone_of_Eldraine_FoiltrueNM-M,0,3.75,http://s.mtgprice.com/sets/Throne_of_Eldraine/img/Castle Vantress.full.jpg,True,2.99,Card Kingdom,Castle Vantress,-6.015037536621094,0.0,0,Throne_of_Eldraine_Foil,/spoiler_lists/Throne_of_Eldrain_(Foil),/sets/Throne_of_Eldraine_Foil/Castle_Vantress
0.8399999737739561,-0.010000050067901,ChannelFireball,0.05,Cauldron's_GiftThrone_of_Eldraine_FoiltrueNM-M,0,0.84,http://s.mtgprice.com/sets/Throne_of_Eldraine/img/Cauldron's Gift.full.jpg,True,0.25,Card Kingdom,Cauldron's Gift,,-1.17647647857666,0,Throne_of_Eldraine_Foil,/spoiler_lists/Throne_of_Eldrain_(Foil),/sets/Throne_of_Eldraine_Foil/Cauldron's_Gift
1.769999980926513,0.0,StrikeZone,0.5,Cauldron_FamiliarThrone_of_Eldraine_FoiltrueNM-M,0,1.77,http://s.mtgprice.com/sets/Throne_of_Eldraine/img/Cauldron Familiar.full.jpg,True,1.05,ABUGames,Cauldron Familiar,,0.0,0,Throne_of_Eldraine_Foil,/spoiler_lists/Throne_of_Eldrain_(Foil),/sets/Throne_of_Eldraine_Foil/Cauldron_Familiar
0.829999983310699,0.0,ChannelFireball,0.05,Charmed_SleepThrone_of_Eldraine_FoiltrueNM-M,0,0.8300000000000001,http://s.mtgprice.com/sets/Throne_of_Eldraine/img/Charmed Sleep.full.jpg,True,0.25,Card Kingdom,Charmed Sleep,,0.0,0,Throne_of_Eldraine_Foil,/spoiler_lists/Throne_of_Eldrain_(Foil),/sets/Throne_of_Eldraine_Foil/Charmed_Sleep
1.759999990463256,0.0,Card Kingdom,0.5,Charming_PrinceThrone_of_Eldraine_FoiltrueNM-M,0,1.76,http://s.mtgprice.com/sets/Throne_of_Eldraine/img/Charming Prince.full.jpg,True,1.76,TCG Player,Charming Prince,,0.0,0,Throne_of_Eldraine_Foil,/spoiler_lists/Throne_of_Eldrain_(Foil),/sets/Throne_of_Eldraine_Foil/Charming_Prince
0.0,0.0,UNDEFINED,0.0,Chittering_WitchThrone_of_Eldraine_FoiltrueNM-M,0,0.0,http://s.mtgprice.com/sets/Throne_of_Eldraine/img/Chittering Witch.full.jpg,True,999999.0,Unknown,Chittering Witch,,,0,Throne_of_Eldraine_Foil,/spoiler_lists/Throne_of_Eldrain_(Foil),/sets/Throne_of_Eldraine_Foil/Chittering_Witch
0.0,0.0,UNDEFINED,0.0,Chop_DownThrone_of_Eldraine_FoiltrueNM-M,0,0.0,http://s.mtgprice.com/sets/Throne_of_Eldraine/img/Chop Down.full.jpg,True,999999.0,Unknown,Chop Down,,,0,Throne_of_Eldraine_Foil,/spoiler_lists/Throne_of_Eldrain_(Foil),/sets/Throne_of_Eldraine_Foil/Chop_Down
2.519999980926513,0.0,ABUGames,0.73,"Chulane,_Teller_of_TalesThrone_of_Eldraine_FoiltrueNM-M",0,2.52,"http://s.mtgprice.com/sets/Throne_of_Eldraine/img/Chulane, Teller of Tales.full.jpg",True,1.49,Card Kingdom,"Chulane, Teller of Tales",,0.0,0,Throne_of_Eldraine_Foil,/spoiler_lists/Throne_of_Eldrain_(Foil),"/sets/Throne_of_Eldraine_Foil/Chulane,_Teller_of_Tales"
0.520000040531158,0.0,CoolStuff,0.25,Clackbridge_TrollThrone_of_Eldraine_FoiltrueNM-M,0,1.11,http://s.mtgprice.com/sets/Throne_of_Eldraine/img/Clackbridge Troll.full.jpg,True,0.44,ABUGames,Clackbridge Troll,88.13560485839844,0.0,0,Throne_of_Eldraine_Foil,/spoiler_lists/Throne_of_Eldrain_(Foil),/sets/Throne_of_Eldraine_Foil/Clackbridge_Troll
1.110000014305114,0.080000042915344,Card Kingdom,0.08,Claim_the_FirstbornThrone_of_Eldraine_FoiltrueNM-M,0,1.11,http://s.mtgprice.com/sets/Throne_of_Eldraine/img/Claim the Firstborn.full.jpg,True,0.3,ABUGames,Claim the Firstborn,,7.766994953155518,0,Throne_of_Eldraine_Foil,/spoiler_lists/Throne_of_Eldrain_(Foil),/sets/Throne_of_Eldraine_Foil/Claim_the_Firstborn
0.870000004768371,0.0,ChannelFireball,0.05,Clockwork_ServantThrone_of_Eldraine_FoiltrueNM-M,0,0.87,http://s.mtgprice.com/sets/Throne_of_Eldraine/img/Clockwork Servant.full.jpg,True,0.25,Card Kingdom,Clockwork Servant,,0.0,0,Throne_of_Eldraine_Foil,/spoiler_lists/Throne_of_Eldrain_(Foil),/sets/Throne_of_Eldraine_Foil/Clockwork_Servant
0.0,0.0,UNDEFINED,0.0,Command_TowerThrone_of_Eldraine_FoiltrueNM-M,0,0.0,http://s.mtgprice.com/sets/Throne_of_Eldraine/img/Command Tower.full.jpg,True,999999.0,Unknown,Command Tower,,,0,Throne_of_Eldraine_Foil,/spoiler_lists/Throne_of_Eldrain_(Foil),/sets/Throne_of_Eldraine_Foil/Command_Tower
0.9200000166893001,0.0,ChannelFireball,0.05,Corridor_MonitorThrone_of_Eldraine_FoiltrueNM-M,0,0.92,http://s.mtgprice.com/sets/Throne_of_Eldraine/img/Corridor Monitor.full.jpg,True,0.25,Card Kingdom,Corridor Monitor,,0.0,0,Throne_of_Eldraine_Foil,/spoiler_lists/Throne_of_Eldrain_(Foil),/sets/Throne_of_Eldraine_Foil/Corridor_Monitor
0.9200000166893001,0.0,ChannelFireball,0.05,Covetous_UrgeThrone_of_Eldraine_FoiltrueNM-M,0,0.92,http://s.mtgprice.com/sets/Throne_of_Eldraine/img/Covetous Urge.full.jpg,True,0.25,Card Kingdom,Covetous Urge,,0.0,0,Throne_of_Eldraine_Foil,/spoiler_lists/Throne_of_Eldrain_(Foil),/sets/Throne_of_Eldraine_Foil/Covetous_Urge
0.20999999344348902,0.009999990463256002,Card Kingdom,0.05,Crashing_DrawbridgeThrone_of_Eldraine_FoiltrueNM-M,0,0.21,http://s.mtgprice.com/sets/Throne_of_Eldraine/img/Crashing Drawbridge.full.jpg,True,0.19,ABUGames,Crashing Drawbridge,,4.999995231628418,0,Throne_of_Eldraine_Foil,/spoiler_lists/Throne_of_Eldrain_(Foil),/sets/Throne_of_Eldraine_Foil/Crashing_Drawbridge
0.829999983310699,0.0,ChannelFireball,0.05,Crystal_SlipperThrone_of_Eldraine_FoiltrueNM-M,0,0.8300000000000001,http://s.mtgprice.com/sets/Throne_of_Eldraine/img/Crystal Slipper.full.jpg,True,0.25,Card Kingdom,Crystal Slipper,,0.0,0,Throne_of_Eldraine_Foil,/spoiler_lists/Throne_of_Eldrain_(Foil),/sets/Throne_of_Eldraine_Foil/Crystal_Slipper
0.25,0.0,UNDEFINED,0.0,Curious_PairThrone_of_Eldraine_FoiltrueNM-M,0,0.25,http://s.mtgprice.com/sets/Throne_of_Eldraine/img/Curious Pair.full.jpg,True,0.25,Card Kingdom,Curious Pair,,0.0,0,Throne_of_Eldraine_Foil,/spoiler_lists/Throne_of_Eldrain_(Foil),/sets/Throne_of_Eldraine_Foil/Curious_Pair
0.0,0.0,UNDEFINED,0.0,Curry_FavorThrone_of_Eldraine_FoiltrueNM-M,0,0.0,http://s.mtgprice.com/sets/Throne_of_Eldraine/img/Curry Favor.full.jpg,True,999999.0,Unknown,Curry Favor,,,0,Throne_of_Eldraine_Foil,/spoiler_lists/Throne_of_Eldrain_(Foil),/sets/Throne_of_Eldraine_Foil/Curry_Favor
0.39999997615814203,-0.039999961853027004,ChannelFireball,0.25,Dance_of_the_ManseThrone_of_Eldraine_FoiltrueNM-M,0,1.3900000000000001,http://s.mtgprice.com/sets/Throne_of_Eldraine/img/Dance of the Manse.full.jpg,True,0.79,Card Kingdom,Dance of the Manse,40.40403747558594,-2.797200202941894,0,Throne_of_Eldraine_Foil,/spoiler_lists/Throne_of_Eldrain_(Foil),/sets/Throne_of_Eldraine_Foil/Dance_of_the_Manse
2.130000114440918,0.0,StrikeZone,0.5,Deafening_SilenceThrone_of_Eldraine_FoiltrueNM-M,0,2.13,http://s.mtgprice.com/sets/Throne_of_Eldraine/img/Deafening Silence.full.jpg,True,0.99,Card Kingdom,Deafening Silence,,0.0,0,Throne_of_Eldraine_Foil,/spoiler_lists/Throne_of_Eldrain_(Foil),/sets/Throne_of_Eldraine_Foil/Deafening_Silence
0.319999992847442,0.0,ChannelFireball,0.05,Deathless_KnightThrone_of_Eldraine_FoiltrueNM-M,0,0.32,http://s.mtgprice.com/sets/Throne_of_Eldraine/img/Deathless Knight.full.jpg,True,0.24,ABUGames,Deathless Knight,,0.0,0,Throne_of_Eldraine_Foil,/spoiler_lists/Throne_of_Eldrain_(Foil),/sets/Throne_of_Eldraine_Foil/Deathless_Knight
0.9599999785423271,0.0,Card Kingdom,0.06,Didn't_Say_PleaseThrone_of_Eldraine_FoiltrueNM-M,0,0.96,http://s.mtgprice.com/sets/Throne_of_Eldraine/img/Didn't Say Please.full.jpg,True,0.24,ABUGames,Didn't Say Please,,0.0,0,Throne_of_Eldraine_Foil,/spoiler_lists/Throne_of_Eldrain_(Foil),/sets/Throne_of_Eldraine_Foil/Didn't_Say_Please
0.0,0.0,UNDEFINED,0.0,Dizzying_SwoopThrone_of_Eldraine_FoiltrueNM-M,0,0.0,http://s.mtgprice.com/sets/Throne_of_Eldraine/img/Dizzying Swoop.full.jpg,True,999999.0,Unknown,Dizzying Swoop,,,0,Throne_of_Eldraine_Foil,/spoiler_lists/Throne_of_Eldrain_(Foil),/sets/Throne_of_Eldraine_Foil/Dizzying_Swoop
0.579999983310699,0.0,ChannelFireball,0.25,Doom_ForetoldThrone_of_Eldraine_FoiltrueNM-M,0,1.17,http://s.mtgprice.com/sets/Throne_of_Eldraine/img/Doom Foretold.full.jpg,True,0.59,StrikeZone,Doom Foretold,98.30509185791016,0.0,0,Throne_of_Eldraine_Foil,/spoiler_lists/Throne_of_Eldrain_(Foil),/sets/Throne_of_Eldraine_Foil/Doom_Foretold
-1.019999980926513,0.0,ChannelFireball,1.0,Drown_in_the_LochThrone_of_Eldraine_FoiltrueNM-M,0,2.9699999999999998,http://s.mtgprice.com/sets/Throne_of_Eldraine/img/Drown in the Loch.full.jpg,True,2.49,ABUGames,Drown in the Loch,-25.56391143798828,0.0,0,Throne_of_Eldraine_Foil,/spoiler_lists/Throne_of_Eldrain_(Foil),/sets/Throne_of_Eldraine_Foil/Drown_in_the_Loch
0.23999999463558103,0.0,Card Kingdom,0.05,Dwarven_MineThrone_of_Eldraine_FoiltrueNM-M,0,0.24,http://s.mtgprice.com/sets/Throne_of_Eldraine/img/Dwarven Mine.full.jpg,True,0.19,ABUGames,Dwarven Mine,,0.0,0,Throne_of_Eldraine_Foil,/spoiler_lists/Throne_of_Eldrain_(Foil),/sets/Throne_of_Eldraine_Foil/Dwarven_Mine
0.39000004529953003,0.0,Card Kingdom,0.15,Edgewall_InnkeeperThrone_of_Eldraine_FoiltrueNM-M,0,1.08,http://s.mtgprice.com/sets/Throne_of_Eldraine/img/Edgewall Innkeeper.full.jpg,True,0.45,ABUGames,Edgewall Innkeeper,56.52174377441406,0.0,0,Throne_of_Eldraine_Foil,/spoiler_lists/Throne_of_Eldrain_(Foil),/sets/Throne_of_Eldraine_Foil/Edgewall_Innkeeper
0.870000004768371,0.0,ChannelFireball,0.05,Elite_HeadhunterThrone_of_Eldraine_FoiltrueNM-M,0,0.87,http://s.mtgprice.com/sets/Throne_of_Eldraine/img/Elite Headhunter.full.jpg,True,0.25,Card Kingdom,Elite Headhunter,,0.0,0,Throne_of_Eldraine_Foil,/spoiler_lists/Throne_of_Eldrain_(Foil),/sets/Throne_of_Eldraine_Foil/Elite_Headhunter
12.449999809265137,-0.039999961853027004,StrikeZone,14.0,EmbercleaveThrone_of_Eldraine_FoiltrueNM-M,0,12.45,http://s.mtgprice.com/sets/Throne_of_Eldraine/img/Embercleave.full.jpg,True,12.45,TCG Player,Embercleave,,-0.32025590538978504,0,Throne_of_Eldraine_Foil,/spoiler_lists/Throne_of_Eldrain_(Foil),/sets/Throne_of_Eldraine_Foil/Embercleave
0.8199999928474421,0.0,ChannelFireball,0.05,Embereth_PaladinThrone_of_Eldraine_FoiltrueNM-M,0,0.8200000000000001,http://s.mtgprice.com/sets/Throne_of_Eldraine/img/Embereth Paladin.full.jpg,True,0.25,Card Kingdom,Embereth Paladin,,0.0,0,Throne_of_Eldraine_Foil,/spoiler_lists/Throne_of_Eldrain_(Foil),/sets/Throne_of_Eldraine_Foil/Embereth_Paladin
0.41999998688697804,0.0,Card Kingdom,0.05,Embereth_ShieldbreakerThrone_of_Eldraine_FoiltrueNM-M,0,0.42,http://s.mtgprice.com/sets/Throne_of_Eldraine/img/Embereth Shieldbreaker.full.jpg,True,0.35,Card Kingdom,Embereth Shieldbreaker,,0.0,0,Throne_of_Eldraine_Foil,/spoiler_lists/Throne_of_Eldrain_(Foil),/sets/Throne_of_Eldraine_Foil/Embereth_Shieldbreaker
0.0,0.0,UNDEFINED,0.0,Embereth_SkyblazerThrone_of_Eldraine_FoiltrueNM-M,0,0.0,http://s.mtgprice.com/sets/Throne_of_Eldraine/img/Embereth Skyblazer.full.jpg,True,999999.0,Unknown,Embereth Skyblazer,,,0,Throne_of_Eldraine_Foil,/spoiler_lists/Throne_of_Eldrain_(Foil),/sets/Throne_of_Eldraine_Foil/Embereth_Skyblazer
-0.21000003814697202,0.129999876022338,Card Kingdom,1.4,"Emry,_Lurker_of_the_LochThrone_of_Eldraine_FoiltrueNM-M",0,3.7800000000000002,"http://s.mtgprice.com/sets/Throne_of_Eldraine/img/Emry, Lurker of the Loch.full.jpg",True,3.78,TCG Player,"Emry, Lurker of the Loch",-5.263158798217773,3.561640501022339,0,Throne_of_Eldraine_Foil,/spoiler_lists/Throne_of_Eldrain_(Foil),"/sets/Throne_of_Eldraine_Foil/Emry,_Lurker_of_the_Loch"
0.8799999952316281,0.0,ChannelFireball,0.05,Enchanted_CarriageThrone_of_Eldraine_FoiltrueNM-M,0,0.88,http://s.mtgprice.com/sets/Throne_of_Eldraine/img/Enchanted Carriage.full.jpg,True,0.25,Card Kingdom,Enchanted Carriage,,0.0,0,Throne_of_Eldraine_Foil,/spoiler_lists/Throne_of_Eldrain_(Foil),/sets/Throne_of_Eldraine_Foil/Enchanted_Carriage
0.9800000190734861,0.0,ChannelFireball,0.05,Epic_DownfallThrone_of_Eldraine_FoiltrueNM-M,0,0.98,http://s.mtgprice.com/sets/Throne_of_Eldraine/img/Epic Downfall.full.jpg,True,0.24,ABUGames,Epic Downfall,,0.0,0,Throne_of_Eldraine_Foil,/spoiler_lists/Throne_of_Eldrain_(Foil),/sets/Throne_of_Eldraine_Foil/Epic_Downfall
1.0,-0.009999990463256002,ABUGames,2.92,Escape_to_the_WildsThrone_of_Eldraine_FoiltrueNM-M,0,1.0,http://s.mtgprice.com/sets/Throne_of_Eldraine/img/Escape to the Wilds.full.jpg,True,0.49,Card Kingdom,Escape to the Wilds,,-0.9900980591773981,0,Throne_of_Eldraine_Foil,/spoiler_lists/Throne_of_Eldrain_(Foil),/sets/Throne_of_Eldraine_Foil/Escape_to_the_Wilds
0.829999983310699,0.0,ChannelFireball,0.05,Eye_CollectorThrone_of_Eldraine_FoiltrueNM-M,0,0.8300000000000001,http://s.mtgprice.com/sets/Throne_of_Eldraine/img/Eye Collector.full.jpg,True,0.25,Card Kingdom,Eye Collector,,0.0,0,Throne_of_Eldraine_Foil,/spoiler_lists/Throne_of_Eldrain_(Foil),/sets/Throne_of_Eldraine_Foil/Eye_Collector
-7.739999771118164,-0.030000686645507,StrikeZone,13.0,Fabled_PassageThrone_of_Eldraine_FoiltrueNM-M,0,16.25,http://s.mtgprice.com/sets/Throne_of_Eldraine/img/Fabled Passage.full.jpg,True,16.25,TCG Player,Fabled Passage,-32.26344299316406,-0.184279382228851,0,Throne_of_Eldraine_Foil,/spoiler_lists/Throne_of_Eldrain_(Foil),/sets/Throne_of_Eldraine_Foil/Fabled_Passage
-0.25,0.0,StrikeZone,0.5,Fae_of_WishesThrone_of_Eldraine_FoiltrueNM-M,0,1.24,http://s.mtgprice.com/sets/Throne_of_Eldraine/img/Fae of Wishes.full.jpg,True,0.99,CoolStuff,Fae of Wishes,-16.778522491455078,0.0,0,Throne_of_Eldraine_Foil,/spoiler_lists/Throne_of_Eldrain_(Foil),/sets/Throne_of_Eldraine_Foil/Fae_of_Wishes
3.680000066757202,0.25,StrikeZone,1.0,Faeburrow_ElderThrone_of_Eldraine_FoiltrueNM-M,0,3.68,http://s.mtgprice.com/sets/Throne_of_Eldraine/img/Faeburrow Elder.full.jpg,True,3.68,TCG Player,Faeburrow Elder,,7.288629531860352,0,Throne_of_Eldraine_Foil,/spoiler_lists/Throne_of_Eldrain_(Foil),/sets/Throne_of_Eldraine_Foil/Faeburrow_Elder
0.0,0.0,UNDEFINED,0.0,Faerie_FormationThrone_of_Eldraine_FoiltrueNM-M,0,0.0,http://s.mtgprice.com/sets/Throne_of_Eldraine/img/Faerie Formation.full.jpg,True,999999.0,Unknown,Faerie Formation,,,0,Throne_of_Eldraine_Foil,/spoiler_lists/Throne_of_Eldrain_(Foil),/sets/Throne_of_Eldraine_Foil/Faerie_Formation
0.25,0.0,UNDEFINED,0.0,Faerie_GuidemotherThrone_of_Eldraine_FoiltrueNM-M,0,0.25,http://s.mtgprice.com/sets/Throne_of_Eldraine/img/Faerie Guidemother.full.jpg,True,0.25,Card Kingdom,Faerie Guidemother,,0.0,0,Throne_of_Eldraine_Foil,/spoiler_lists/Throne_of_Eldrain_(Foil),/sets/Throne_of_Eldraine_Foil/Faerie_Guidemother
0.889999985694885,0.0,Card Kingdom,0.12,Faerie_VandalThrone_of_Eldraine_FoiltrueNM-M,0,0.89,http://s.mtgprice.com/sets/Throne_of_Eldraine/img/Faerie Vandal.full.jpg,True,0.24,ABUGames,Faerie Vandal,,0.0,0,Throne_of_Eldraine_Foil,/spoiler_lists/Throne_of_Eldrain_(Foil),/sets/Throne_of_Eldraine_Foil/Faerie_Vandal
1.070000052452087,0.0,ABUGames,1.96,Feasting_Troll_KingThrone_of_Eldraine_FoiltrueNM-M,0,1.07,http://s.mtgprice.com/sets/Throne_of_Eldraine/img/Feasting Troll King.full.jpg,True,0.49,Card Kingdom,Feasting Troll King,,0.0,0,Throne_of_Eldraine_Foil,/spoiler_lists/Throne_of_Eldrain_(Foil),/sets/Throne_of_Eldraine_Foil/Feasting_Troll_King
0.829999983310699,0.0,ChannelFireball,0.05,Fell_the_PheasantThrone_of_Eldraine_FoiltrueNM-M,0,0.8300000000000001,http://s.mtgprice.com/sets/Throne_of_Eldraine/img/Fell the Pheasant.full.jpg,True,0.25,Card Kingdom,Fell the Pheasant,,0.0,0,Throne_of_Eldraine_Foil,/spoiler_lists/Throne_of_Eldrain_(Foil),/sets/Throne_of_Eldraine_Foil/Fell_the_Pheasant
0.8799999952316281,0.0,ChannelFireball,0.05,Ferocity_of_the_WildsThrone_of_Eldraine_FoiltrueNM-M,0,0.88,http://s.mtgprice.com/sets/Throne_of_Eldraine/img/Ferocity of the Wilds.full.jpg,True,0.25,Card Kingdom,Ferocity of the Wilds,,0.0,0,Throne_of_Eldraine_Foil,/spoiler_lists/Throne_of_Eldrain_(Foil),/sets/Throne_of_Eldraine_Foil/Ferocity_of_the_Wilds
0.0,0.0,UNDEFINED,0.0,Fertile_FootstepsThrone_of_Eldraine_FoiltrueNM-M,0,0.0,http://s.mtgprice.com/sets/Throne_of_Eldraine/img/Fertile Footsteps.full.jpg,True,999999.0,Unknown,Fertile Footsteps,,,0,Throne_of_Eldraine_Foil,/spoiler_lists/Throne_of_Eldrain_(Foil),/sets/Throne_of_Eldraine_Foil/Fertile_Footsteps
1.27999997138977,0.0,Card Kingdom,0.75,Fervent_ChampionThrone_of_Eldraine_FoiltrueNM-M,0,1.28,http://s.mtgprice.com/sets/Throne_of_Eldraine/img/Fervent Champion.full.jpg,True,1.28,TCG Player,Fervent Champion,,0.0,0,Throne_of_Eldraine_Foil,/spoiler_lists/Throne_of_Eldrain_(Foil),/sets/Throne_of_Eldraine_Foil/Fervent_Champion
0.790000021457672,0.0,ChannelFireball,0.05,Festive_FuneralThrone_of_Eldraine_FoiltrueNM-M,0,0.79,http://s.mtgprice.com/sets/Throne_of_Eldraine/img/Festive Funeral.full.jpg,True,0.25,Card Kingdom,Festive Funeral,,0.0,0,Throne_of_Eldraine_Foil,/spoiler_lists/Throne_of_Eldrain_(Foil),/sets/Throne_of_Eldraine_Foil/Festive_Funeral
0.8399999737739561,-0.020000040531158003,ChannelFireball,0.05,Fierce_WitchstalkerThrone_of_Eldraine_FoiltrueNM-M,0,0.84,http://s.mtgprice.com/sets/Throne_of_Eldraine/img/Fierce Witchstalker.full.jpg,True,0.25,Card Kingdom,Fierce Witchstalker,,-2.325586080551147,0,Throne_of_Eldraine_Foil,/spoiler_lists/Throne_of_Eldrain_(Foil),/sets/Throne_of_Eldraine_Foil/Fierce_Witchstalker
0.8600000143051141,0.0,ChannelFireball,0.05,Fireborn_KnightThrone_of_Eldraine_FoiltrueNM-M,0,0.86,http://s.mtgprice.com/sets/Throne_of_Eldraine/img/Fireborn Knight.full.jpg,True,0.25,Card Kingdom,Fireborn Knight,,0.0,0,Throne_of_Eldraine_Foil,/spoiler_lists/Throne_of_Eldrain_(Foil),/sets/Throne_of_Eldraine_Foil/Fireborn_Knight
0.019999980926513002,0.0,ABUGames,6.21,Fires_of_InventionThrone_of_Eldraine_FoiltrueNM-M,0,2.01,http://s.mtgprice.com/sets/Throne_of_Eldraine/img/Fires of Invention.full.jpg,True,1.99,Card Kingdom,Fires of Invention,1.005024194717407,0.0,0,Throne_of_Eldraine_Foil,/spoiler_lists/Throne_of_Eldrain_(Foil),/sets/Throne_of_Eldraine_Foil/Fires_of_Invention
0.300000011920928,0.0,UNDEFINED,0.0,Flaxen_IntruderThrone_of_Eldraine_FoiltrueNM-M,0,0.30000000000000004,http://s.mtgprice.com/sets/Throne_of_Eldraine/img/Flaxen Intruder.full.jpg,True,0.25,Card Kingdom,Flaxen Intruder,,0.0,0,Throne_of_Eldraine_Foil,/spoiler_lists/Throne_of_Eldrain_(Foil),/sets/Throne_of_Eldraine_Foil/Flaxen_Intruder
0.18999999761581401,0.0,Card Kingdom,0.05,FlingThrone_of_Eldraine_FoiltrueNM-M,0,0.19,http://s.mtgprice.com/sets/Throne_of_Eldraine/img/Fling.full.jpg,True,0.25,Card Kingdom,Fling,,0.0,0,Throne_of_Eldraine_Foil,/spoiler_lists/Throne_of_Eldrain_(Foil),/sets/Throne_of_Eldraine_Foil/Fling
0.8600000143051141,0.0,ChannelFireball,0.05,FlutterfoxThrone_of_Eldraine_FoiltrueNM-M,0,0.86,http://s.mtgprice.com/sets/Throne_of_Eldraine/img/Flutterfox.full.jpg,True,0.25,Card Kingdom,Flutterfox,,0.0,0,Throne_of_Eldraine_Foil,/spoiler_lists/Throne_of_Eldrain_(Foil),/sets/Throne_of_Eldraine_Foil/Flutterfox
1.169999957084655,0.0,ABUGames,1.71,Folio_of_FanciesThrone_of_Eldraine_FoiltrueNM-M,0,1.17,http://s.mtgprice.com/sets/Throne_of_Eldraine/img/Folio of Fancies.full.jpg,True,0.49,Card Kingdom,Folio of Fancies,,0.0,0,Throne_of_Eldraine_Foil,/spoiler_lists/Throne_of_Eldrain_(Foil),/sets/Throne_of_Eldraine_Foil/Folio_of_Fancies
0.8600000143051141,0.0,ChannelFireball,0.05,Foreboding_FruitThrone_of_Eldraine_FoiltrueNM-M,0,0.86,http://s.mtgprice.com/sets/Throne_of_Eldraine/img/Foreboding Fruit.full.jpg,True,0.25,Card Kingdom,Foreboding Fruit,,0.0,0,Throne_of_Eldraine_Foil,/spoiler_lists/Throne_of_Eldrain_(Foil),/sets/Throne_of_Eldraine_Foil/Foreboding_Fruit
0.579999983310699,0.0,Card Kingdom,0.06,ForestThrone_of_Eldraine_FoiltrueNM-M,0,0.58,http://s.mtgprice.com/sets/Throne_of_Eldraine/img/Forest.full.jpg,True,0.49,CoolStuff,Forest,,0.0,0,Throne_of_Eldraine_Foil,/spoiler_lists/Throne_of_Eldrain_(Foil),/sets/Throne_of_Eldraine_Foil/Forest
0.8999999761581421,0.0,ChannelFireball,0.05,Forever_YoungThrone_of_Eldraine_FoiltrueNM-M,0,0.9,http://s.mtgprice.com/sets/Throne_of_Eldraine/img/Forever Young.full.jpg,True,0.25,Card Kingdom,Forever Young,,0.0,0,Throne_of_Eldraine_Foil,/spoiler_lists/Throne_of_Eldrain_(Foil),/sets/Throne_of_Eldraine_Foil/Forever_Young
0.790000021457672,0.0,ChannelFireball,0.05,Fortifying_ProvisionsThrone_of_Eldraine_FoiltrueNM-M,0,0.79,http://s.mtgprice.com/sets/Throne_of_Eldraine/img/Fortifying Provisions.full.jpg,True,0.25,Card Kingdom,Fortifying Provisions,,0.0,0,Throne_of_Eldraine_Foil,/spoiler_lists/Throne_of_Eldrain_(Foil),/sets/Throne_of_Eldraine_Foil/Fortifying_Provisions
0.41999998688697804,0.0,Card Kingdom,0.05,Foulmire_KnightThrone_of_Eldraine_FoiltrueNM-M,0,0.42,http://s.mtgprice.com/sets/Throne_of_Eldraine/img/Foulmire Knight.full.jpg,True,0.35,Card Kingdom,Foulmire Knight,,0.0,0,Throne_of_Eldraine_Foil,/spoiler_lists/Throne_of_Eldrain_(Foil),/sets/Throne_of_Eldraine_Foil/Foulmire_Knight
0.930000007152557,-0.019999980926513002,Card Kingdom,0.06,FrogifyThrone_of_Eldraine_FoiltrueNM-M,0,0.93,http://s.mtgprice.com/sets/Throne_of_Eldraine/img/Frogify.full.jpg,True,0.24,ABUGames,Frogify,,-2.105261087417602,0,Throne_of_Eldraine_Foil,/spoiler_lists/Throne_of_Eldrain_(Foil),/sets/Throne_of_Eldraine_Foil/Frogify
1.460000038146972,0.0,StrikeZone,0.5,"Gadwick,_the_WizenedThrone_of_Eldraine_FoiltrueNM-M",0,1.46,"http://s.mtgprice.com/sets/Throne_of_Eldraine/img/Gadwick, the Wizened.full.jpg",True,1.46,TCG Player,"Gadwick, the Wizened",,0.0,0,Throne_of_Eldraine_Foil,/spoiler_lists/Throne_of_Eldrain_(Foil),"/sets/Throne_of_Eldraine_Foil/Gadwick,_the_Wizened"
0.25,0.0,UNDEFINED,0.0,Garenbrig_CarverThrone_of_Eldraine_FoiltrueNM-M,0,0.25,http://s.mtgprice.com/sets/Throne_of_Eldraine/img/Garenbrig Carver.full.jpg,True,0.25,Card Kingdom,Garenbrig Carver,,0.0,0,Throne_of_Eldraine_Foil,/spoiler_lists/Throne_of_Eldrain_(Foil),/sets/Throne_of_Eldraine_Foil/Garenbrig_Carver
0.8600000143051141,0.0,ChannelFireball,0.05,Garenbrig_PaladinThrone_of_Eldraine_FoiltrueNM-M,0,0.86,http://s.mtgprice.com/sets/Throne_of_Eldraine/img/Garenbrig Paladin.full.jpg,True,0.25,Card Kingdom,Garenbrig Paladin,,0.0,0,Throne_of_Eldraine_Foil,/spoiler_lists/Throne_of_Eldrain_(Foil),/sets/Throne_of_Eldraine_Foil/Garenbrig_Paladin
0.8199999928474421,0.0,ChannelFireball,0.05,Garenbrig_SquireThrone_of_Eldraine_FoiltrueNM-M,0,0.8200000000000001,http://s.mtgprice.com/sets/Throne_of_Eldraine/img/Garenbrig Squire.full.jpg,True,0.25,Card Kingdom,Garenbrig Squire,,0.0,0,Throne_of_Eldraine_Foil,/spoiler_lists/Throne_of_Eldrain_(Foil),/sets/Throne_of_Eldraine_Foil/Garenbrig_Squire
0.0,0.0,UNDEFINED,0.0,Garrison_GriffinThrone_of_Eldraine_FoiltrueNM-M,0,0.0,http://s.mtgprice.com/sets/Throne_of_Eldraine/img/Garrison Griffin.full.jpg,True,999999.0,Unknown,Garrison Griffin,,,0,Throne_of_Eldraine_Foil,/spoiler_lists/Throne_of_Eldrain_(Foil),/sets/Throne_of_Eldraine_Foil/Garrison_Griffin
3.77999997138977,0.0,ABUGames,10.56,"Garruk,_Cursed_HuntsmanThrone_of_Eldraine_FoiltrueNM-M",0,3.7800000000000002,"http://s.mtgprice.com/sets/Throne_of_Eldraine/img/Garruk, Cursed Huntsman.full.jpg",True,3.78,TCG Player,"Garruk, Cursed Huntsman",,0.0,0,Throne_of_Eldraine_Foil,/spoiler_lists/Throne_of_Eldrain_(Foil),"/sets/Throne_of_Eldraine_Foil/Garruk,_Cursed_Huntsman"
0.829999983310699,0.0,ChannelFireball,0.05,Giant's_SkewerThrone_of_Eldraine_FoiltrueNM-M,0,0.8300000000000001,http://s.mtgprice.com/sets/Throne_of_Eldraine/img/Giant's Skewer.full.jpg,True,0.25,Card Kingdom,Giant's Skewer,,0.0,0,Throne_of_Eldraine_Foil,/spoiler_lists/Throne_of_Eldrain_(Foil),/sets/Throne_of_Eldraine_Foil/Giant's_Skewer
0.740000009536743,0.0,CoolStuff,0.25,Giant_KillerThrone_of_Eldraine_FoiltrueNM-M,0,0.74,http://s.mtgprice.com/sets/Throne_of_Eldraine/img/Giant Killer.full.jpg,True,0.49,Card Kingdom,Giant Killer,,0.0,0,Throne_of_Eldraine_Foil,/spoiler_lists/Throne_of_Eldrain_(Foil),/sets/Throne_of_Eldraine_Foil/Giant_Killer
0.8999999761581421,0.0,ChannelFireball,0.05,Giant_OpportunityThrone_of_Eldraine_FoiltrueNM-M,0,0.9,http://s.mtgprice.com/sets/Throne_of_Eldraine/img/Giant Opportunity.full.jpg,True,0.24,ABUGames,Giant Opportunity,,0.0,0,Throne_of_Eldraine_Foil,/spoiler_lists/Throne_of_Eldrain_(Foil),/sets/Throne_of_Eldraine_Foil/Giant_Opportunity
0.0,0.0,UNDEFINED,0.0,Gift_of_the_FaeThrone_of_Eldraine_FoiltrueNM-M,0,0.0,http://s.mtgprice.com/sets/Throne_of_Eldraine/img/Gift of the Fae.full.jpg,True,999999.0,Unknown,Gift of the Fae,,,0,Throne_of_Eldraine_Foil,/spoiler_lists/Throne_of_Eldrain_(Foil),/sets/Throne_of_Eldraine_Foil/Gift_of_the_Fae
3.380000114440918,0.260000228881835,CoolStuff,2.25,Gilded_GooseThrone_of_Eldraine_FoiltrueNM-M,0,3.38,http://s.mtgprice.com/sets/Throne_of_Eldraine/img/Gilded Goose.full.jpg,True,3.38,TCG Player,Gilded Goose,,8.333340644836426,0,Throne_of_Eldraine_Foil,/spoiler_lists/Throne_of_Eldrain_(Foil),/sets/Throne_of_Eldraine_Foil/Gilded_Goose
0.910000026226043,0.0,ChannelFireball,0.05,Gingerbread_CabinThrone_of_Eldraine_FoiltrueNM-M,0,0.91,http://s.mtgprice.com/sets/Throne_of_Eldraine/img/Gingerbread Cabin.full.jpg,True,0.25,Card Kingdom,Gingerbread Cabin,,0.0,0,Throne_of_Eldraine_Foil,/spoiler_lists/Throne_of_Eldrain_(Foil),/sets/Throne_of_Eldraine_Foil/Gingerbread_Cabin
1.169999957084655,0.08999991416931101,Card Kingdom,0.12,GingerbruteThrone_of_Eldraine_FoiltrueNM-M,0,1.17,http://s.mtgprice.com/sets/Throne_of_Eldraine/img/Gingerbrute.full.jpg,True,0.49,ABUGames,Gingerbrute,,8.333325386047363,0,Throne_of_Eldraine_Foil,/spoiler_lists/Throne_of_Eldrain_(Foil),/sets/Throne_of_Eldraine_Foil/Gingerbrute
0.970000028610229,0.0,ABUGames,0.03,Glass_CasketThrone_of_Eldraine_FoiltrueNM-M,0,0.97,http://s.mtgprice.com/sets/Throne_of_Eldraine/img/Glass Casket.full.jpg,True,0.24,ABUGames,Glass Casket,,0.0,0,Throne_of_Eldraine_Foil,/spoiler_lists/Throne_of_Eldrain_(Foil),/sets/Throne_of_Eldraine_Foil/Glass_Casket
0.0,0.0,UNDEFINED,0.0,Gluttonous_TrollThrone_of_Eldraine_FoiltrueNM-M,0,0.0,http://s.mtgprice.com/sets/Throne_of_Eldraine/img/Gluttonous Troll.full.jpg,True,999999.0,Unknown,Gluttonous Troll,,,0,Throne_of_Eldraine_Foil,/spoiler_lists/Throne_of_Eldrain_(Foil),/sets/Throne_of_Eldraine_Foil/Gluttonous_Troll
0.930000007152557,0.0,ChannelFireball,0.1,Golden_EggThrone_of_Eldraine_FoiltrueNM-M,0,0.93,http://s.mtgprice.com/sets/Throne_of_Eldraine/img/Golden Egg.full.jpg,True,0.49,CoolStuff,Golden Egg,,0.0,0,Throne_of_Eldraine_Foil,/spoiler_lists/Throne_of_Eldrain_(Foil),/sets/Throne_of_Eldraine_Foil/Golden_Egg
0.0,0.0,UNDEFINED,0.0,GrantedThrone_of_Eldraine_FoiltrueNM-M,0,0.0,http://s.mtgprice.com/sets/Throne_of_Eldraine/img/Granted.full.jpg,True,999999.0,Unknown,Granted,,,0,Throne_of_Eldraine_Foil,/spoiler_lists/Throne_of_Eldrain_(Foil),/sets/Throne_of_Eldraine_Foil/Granted
1.190000057220459,0.0,ChannelFireball,0.1,"Grumgully,_the_GenerousThrone_of_Eldraine_FoiltrueNM-M",0,1.19,"http://s.mtgprice.com/sets/Throne_of_Eldraine/img/Grumgully, the Generous.full.jpg",True,0.35,ABUGames,"Grumgully, the Generous",,0.0,0,Throne_of_Eldraine_Foil,/spoiler_lists/Throne_of_Eldrain_(Foil),"/sets/Throne_of_Eldraine_Foil/Grumgully,_the_Generous"
0.0,0.0,UNDEFINED,0.0,HaggleThrone_of_Eldraine_FoiltrueNM-M,0,0.0,http://s.mtgprice.com/sets/Throne_of_Eldraine/img/Haggle.full.jpg,True,999999.0,Unknown,Haggle,,,0,Throne_of_Eldraine_Foil,/spoiler_lists/Throne_of_Eldrain_(Foil),/sets/Throne_of_Eldraine_Foil/Haggle
0.9800000190734861,0.0,ABUGames,1.3,Happily_Ever_AfterThrone_of_Eldraine_FoiltrueNM-M,0,0.98,http://s.mtgprice.com/sets/Throne_of_Eldraine/img/Happily Ever After.full.jpg,True,0.75,CoolStuff,Happily Ever After,,0.0,0,Throne_of_Eldraine_Foil,/spoiler_lists/Throne_of_Eldrain_(Foil),/sets/Throne_of_Eldraine_Foil/Happily_Ever_After
1.080000042915344,0.0,ABUGames,4.35,Harmonious_ArchonThrone_of_Eldraine_FoiltrueNM-M,0,1.08,http://s.mtgprice.com/sets/Throne_of_Eldraine/img/Harmonious Archon.full.jpg,True,0.99,Card Kingdom,Harmonious Archon,,0.0,0,Throne_of_Eldraine_Foil,/spoiler_lists/Throne_of_Eldrain_(Foil),/sets/Throne_of_Eldraine_Foil/Harmonious_Archon
0.0,0.0,UNDEFINED,0.0,Harvest_FearThrone_of_Eldraine_FoiltrueNM-M,0,0.0,http://s.mtgprice.com/sets/Throne_of_Eldraine/img/Harvest Fear.full.jpg,True,999999.0,Unknown,Harvest Fear,,,0,Throne_of_Eldraine_Foil,/spoiler_lists/Throne_of_Eldrain_(Foil),/sets/Throne_of_Eldraine_Foil/Harvest_Fear
0.0,0.0,UNDEFINED,0.0,Heart's_DesireThrone_of_Eldraine_FoiltrueNM-M,0,0.0,http://s.mtgprice.com/sets/Throne_of_Eldraine/img/Heart's Desire.full.jpg,True,999999.0,Unknown,Heart's Desire,,,0,Throne_of_Eldraine_Foil,/spoiler_lists/Throne_of_Eldrain_(Foil),/sets/Throne_of_Eldraine_Foil/Heart's_Desire
0.790000021457672,0.0,ChannelFireball,0.05,Henge_WalkerThrone_of_Eldraine_FoiltrueNM-M,0,0.79,http://s.mtgprice.com/sets/Throne_of_Eldraine/img/Henge Walker.full.jpg,True,0.25,Card Kingdom,Henge Walker,,0.0,0,Throne_of_Eldraine_Foil,/spoiler_lists/Throne_of_Eldrain_(Foil),/sets/Throne_of_Eldraine_Foil/Henge_Walker
1.269999980926513,0.0,ABUGames,0.13,Heraldic_BannerThrone_of_Eldraine_FoiltrueNM-M,0,1.27,http://s.mtgprice.com/sets/Throne_of_Eldraine/img/Heraldic Banner.full.jpg,True,0.39,Card Kingdom,Heraldic Banner,,0.0,0,Throne_of_Eldraine_Foil,/spoiler_lists/Throne_of_Eldrain_(Foil),/sets/Throne_of_Eldraine_Foil/Heraldic_Banner
2.140000104904175,0.0,CoolStuff,1.25,HushbringerThrone_of_Eldraine_FoiltrueNM-M,0,2.14,http://s.mtgprice.com/sets/Throne_of_Eldraine/img/Hushbringer.full.jpg,True,1.49,Card Kingdom,Hushbringer,,0.0,0,Throne_of_Eldraine_Foil,/spoiler_lists/Throne_of_Eldrain_(Foil),/sets/Throne_of_Eldraine_Foil/Hushbringer
0.370000004768371,0.0,UNDEFINED,0.0,Hypnotic_SpriteThrone_of_Eldraine_FoiltrueNM-M,0,0.37,http://s.mtgprice.com/sets/Throne_of_Eldraine/img/Hypnotic Sprite.full.jpg,True,0.25,Card Kingdom,Hypnotic Sprite,,0.0,0,Throne_of_Eldraine_Foil,/spoiler_lists/Throne_of_Eldrain_(Foil),/sets/Throne_of_Eldraine_Foil/Hypnotic_Sprite
0.949999988079071,0.0,Card Kingdom,0.05,Idyllic_GrangeThrone_of_Eldraine_FoiltrueNM-M,0,0.9500000000000001,http://s.mtgprice.com/sets/Throne_of_Eldraine/img/Idyllic Grange.full.jpg,True,0.19,ABUGames,Idyllic Grange,,0.0,0,Throne_of_Eldraine_Foil,/spoiler_lists/Throne_of_Eldrain_(Foil),/sets/Throne_of_Eldraine_Foil/Idyllic_Grange
1.019999980926513,0.0,ABUGames,0.09,Improbable_AllianceThrone_of_Eldraine_FoiltrueNM-M,0,1.02,http://s.mtgprice.com/sets/Throne_of_Eldraine/img/Improbable Alliance.full.jpg,True,0.49,CoolStuff,Improbable Alliance,,0.0,0,Throne_of_Eldraine_Foil,/spoiler_lists/Throne_of_Eldrain_(Foil),/sets/Throne_of_Eldraine_Foil/Improbable_Alliance
0.8399999737739561,0.0,ChannelFireball,0.05,Inquisitive_PuppetThrone_of_Eldraine_FoiltrueNM-M,0,0.84,http://s.mtgprice.com/sets/Throne_of_Eldraine/img/Inquisitive Puppet.full.jpg,True,0.35,Card Kingdom,Inquisitive Puppet,,0.0,0,Throne_of_Eldraine_Foil,/spoiler_lists/Throne_of_Eldrain_(Foil),/sets/Throne_of_Eldraine_Foil/Inquisitive_Puppet
0.829999983310699,0.0,ChannelFireball,0.05,Insatiable_AppetiteThrone_of_Eldraine_FoiltrueNM-M,0,0.8300000000000001,http://s.mtgprice.com/sets/Throne_of_Eldraine/img/Insatiable Appetite.full.jpg,True,0.25,Card Kingdom,Insatiable Appetite,,0.0,0,Throne_of_Eldraine_Foil,/spoiler_lists/Throne_of_Eldrain_(Foil),/sets/Throne_of_Eldraine_Foil/Insatiable_Appetite
0.9800000190734861,0.0,ChannelFireball,0.05,Inspiring_VeteranThrone_of_Eldraine_FoiltrueNM-M,0,0.98,http://s.mtgprice.com/sets/Throne_of_Eldraine/img/Inspiring Veteran.full.jpg,True,0.24,ABUGames,Inspiring Veteran,,0.0,0,Throne_of_Eldraine_Foil,/spoiler_lists/Throne_of_Eldrain_(Foil),/sets/Throne_of_Eldraine_Foil/Inspiring_Veteran
0.5299999713897701,0.0,ChannelFireball,0.1,Into_the_StoryThrone_of_Eldraine_FoiltrueNM-M,0,1.02,http://s.mtgprice.com/sets/Throne_of_Eldraine/img/Into the Story.full.jpg,True,0.35,Card Kingdom,Into the Story,108.16326141357422,0.0,0,Throne_of_Eldraine_Foil,/spoiler_lists/Throne_of_Eldrain_(Foil),/sets/Throne_of_Eldraine_Foil/Into_the_Story
0.699999928474426,0.0,ABUGames,2.33,Irencrag_FeatThrone_of_Eldraine_FoiltrueNM-M,0,1.03,http://s.mtgprice.com/sets/Throne_of_Eldraine/img/Irencrag Feat.full.jpg,True,0.33,StrikeZone,Irencrag Feat,212.1211700439453,0.0,0,Throne_of_Eldraine_Foil,/spoiler_lists/Throne_of_Eldrain_(Foil),/sets/Throne_of_Eldraine_Foil/Irencrag_Feat
1.110000014305114,0.0,ABUGames,0.88,Irencrag_PyromancerThrone_of_Eldraine_FoiltrueNM-M,0,1.11,http://s.mtgprice.com/sets/Throne_of_Eldraine/img/Irencrag Pyromancer.full.jpg,True,0.49,Card Kingdom,Irencrag Pyromancer,,0.0,0,Throne_of_Eldraine_Foil,/spoiler_lists/Throne_of_Eldrain_(Foil),/sets/Throne_of_Eldraine_Foil/Irencrag_Pyromancer
1.039999961853027,0.0,ChannelFireball,0.05,IslandThrone_of_Eldraine_FoiltrueNM-M,0,1.04,http://s.mtgprice.com/sets/Throne_of_Eldraine/img/Island.full.jpg,True,0.79,Card Kingdom,Island,,0.0,0,Throne_of_Eldraine_Foil,/spoiler_lists/Throne_of_Eldrain_(Foil),/sets/Throne_of_Eldraine_Foil/Island
0.8799999952316281,0.0,ChannelFireball,0.05,JoustThrone_of_Eldraine_FoiltrueNM-M,0,0.88,http://s.mtgprice.com/sets/Throne_of_Eldraine/img/Joust.full.jpg,True,0.25,Card Kingdom,Joust,,0.0,0,Throne_of_Eldraine_Foil,/spoiler_lists/Throne_of_Eldrain_(Foil),/sets/Throne_of_Eldraine_Foil/Joust
0.829999983310699,-0.009999990463256002,ChannelFireball,0.05,Jousting_DummyThrone_of_Eldraine_FoiltrueNM-M,0,0.8300000000000001,http://s.mtgprice.com/sets/Throne_of_Eldraine/img/Jousting Dummy.full.jpg,True,0.25,Card Kingdom,Jousting Dummy,,-1.190475106239318,0,Throne_of_Eldraine_Foil,/spoiler_lists/Throne_of_Eldrain_(Foil),/sets/Throne_of_Eldraine_Foil/Jousting_Dummy
0.870000004768371,-0.009999990463256002,Card Kingdom,0.06,Keeper_of_FablesThrone_of_Eldraine_FoiltrueNM-M,0,0.87,http://s.mtgprice.com/sets/Throne_of_Eldraine/img/Keeper of Fables.full.jpg,True,0.24,ABUGames,Keeper of Fables,,-1.136362552642822,0,Throne_of_Eldraine_Foil,/spoiler_lists/Throne_of_Eldrain_(Foil),/sets/Throne_of_Eldraine_Foil/Keeper_of_Fables
0.540000021457672,-0.06000000238418501,ABUGames,0.2,Kenrith's_TransformationThrone_of_Eldraine_FoiltrueNM-M,0,0.54,http://s.mtgprice.com/sets/Throne_of_Eldraine/img/Kenrith's Transformation.full.jpg,True,0.35,Card Kingdom,Kenrith's Transformation,,-10.0,0,Throne_of_Eldraine_Foil,/spoiler_lists/Throne_of_Eldrain_(Foil),/sets/Throne_of_Eldraine_Foil/Kenrith's_Transformation
-1.220000267028808,0.44000005722045904,StrikeZone,3.0,"Kenrith,_the_Returned_KingThrone_of_Eldraine_FoiltrueNM-M",0,5.66,"http://s.mtgprice.com/sets/Throne_of_Eldraine/img/Kenrith, the Returned King.full.jpg",True,4.45,ABUGames,"Kenrith, the Returned King",-17.732563018798828,8.429120063781738,0,Throne_of_Eldraine_Foil,/spoiler_lists/Throne_of_Eldrain_(Foil),"/sets/Throne_of_Eldraine_Foil/Kenrith,_the_Returned_King"
0.8000000119209291,0.0,ChannelFireball,0.05,Knight_of_the_KeepThrone_of_Eldraine_FoiltrueNM-M,0,0.8,http://s.mtgprice.com/sets/Throne_of_Eldraine/img/Knight of the Keep.full.jpg,True,0.25,Card Kingdom,Knight of the Keep,,0.0,0,Throne_of_Eldraine_Foil,/spoiler_lists/Throne_of_Eldrain_(Foil),/sets/Throne_of_Eldraine_Foil/Knight_of_the_Keep
0.0,0.0,UNDEFINED,0.0,Knights'_ChargeThrone_of_Eldraine_FoiltrueNM-M,0,0.0,http://s.mtgprice.com/sets/Throne_of_Eldraine/img/Knights' Charge.full.jpg,True,999999.0,Unknown,Knights' Charge,,,0,Throne_of_Eldraine_Foil,/spoiler_lists/Throne_of_Eldrain_(Foil),/sets/Throne_of_Eldraine_Foil/Knights'_Charge
5.309999942779541,0.0,ABUGames,3.1,"Korvold,_Fae-Cursed_KingThrone_of_Eldraine_FoiltrueNM-M",0,5.31,"http://s.mtgprice.com/sets/Throne_of_Eldraine/img/Korvold, Fae-Cursed King.full.jpg",True,5.31,TCG Player,"Korvold, Fae-Cursed King",,0.0,0,Throne_of_Eldraine_Foil,/spoiler_lists/Throne_of_Eldrain_(Foil),"/sets/Throne_of_Eldraine_Foil/Korvold,_Fae-Cursed_King"
0.790000021457672,0.0,ChannelFireball,0.05,Lash_of_ThornsThrone_of_Eldraine_FoiltrueNM-M,0,0.79,http://s.mtgprice.com/sets/Throne_of_Eldraine/img/Lash of Thorns.full.jpg,True,0.25,Card Kingdom,Lash of Thorns,,0.0,0,Throne_of_Eldraine_Foil,/spoiler_lists/Throne_of_Eldrain_(Foil),/sets/Throne_of_Eldraine_Foil/Lash_of_Thorns
1.27999997138977,0.0,CoolStuff,0.25,"Linden,_the_Steadfast_QueenThrone_of_Eldraine_FoiltrueNM-M",0,1.28,"http://s.mtgprice.com/sets/Throne_of_Eldraine/img/Linden, the Steadfast Queen.full.jpg",True,0.65,ABUGames,"Linden, the Steadfast Queen",,0.0,0,Throne_of_Eldraine_Foil,/spoiler_lists/Throne_of_Eldrain_(Foil),"/sets/Throne_of_Eldraine_Foil/Linden,_the_Steadfast_Queen"
0.8799999952316281,0.0,ChannelFireball,0.05,Loch_DragonThrone_of_Eldraine_FoiltrueNM-M,0,0.88,http://s.mtgprice.com/sets/Throne_of_Eldraine/img/Loch Dragon.full.jpg,True,0.35,Card Kingdom,Loch Dragon,,0.0,0,Throne_of_Eldraine_Foil,/spoiler_lists/Throne_of_Eldrain_(Foil),/sets/Throne_of_Eldraine_Foil/Loch_Dragon
1.02999997138977,0.0,ABUGames,1.34,Lochmere_SerpentThrone_of_Eldraine_FoiltrueNM-M,0,1.03,http://s.mtgprice.com/sets/Throne_of_Eldraine/img/Lochmere Serpent.full.jpg,True,0.49,Card Kingdom,Lochmere Serpent,,0.0,0,Throne_of_Eldraine_Foil,/spoiler_lists/Throne_of_Eldrain_(Foil),/sets/Throne_of_Eldraine_Foil/Lochmere_Serpent
0.18999999761581401,0.0,ChannelFireball,0.05,Locthwain_GargoyleThrone_of_Eldraine_FoiltrueNM-M,0,0.19,http://s.mtgprice.com/sets/Throne_of_Eldraine/img/Locthwain Gargoyle.full.jpg,True,0.19,ABUGames,Locthwain Gargoyle,,0.0,0,Throne_of_Eldraine_Foil,/spoiler_lists/Throne_of_Eldrain_(Foil),/sets/Throne_of_Eldraine_Foil/Locthwain_Gargoyle
0.8600000143051141,0.0,ChannelFireball,0.05,Locthwain_PaladinThrone_of_Eldraine_FoiltrueNM-M,0,0.86,http://s.mtgprice.com/sets/Throne_of_Eldraine/img/Locthwain Paladin.full.jpg,True,0.25,Card Kingdom,Locthwain Paladin,,0.0,0,Throne_of_Eldraine_Foil,/spoiler_lists/Throne_of_Eldrain_(Foil),/sets/Throne_of_Eldraine_Foil/Locthwain_Paladin
0.25,0.0,UNDEFINED,0.0,Lonesome_UnicornThrone_of_Eldraine_FoiltrueNM-M,0,0.25,http://s.mtgprice.com/sets/Throne_of_Eldraine/img/Lonesome Unicorn.full.jpg,True,0.25,Card Kingdom,Lonesome Unicorn,,0.0,0,Throne_of_Eldraine_Foil,/spoiler_lists/Throne_of_Eldrain_(Foil),/sets/Throne_of_Eldraine_Foil/Lonesome_Unicorn
0.8399999737739561,0.0,ChannelFireball,0.05,Lost_LegionThrone_of_Eldraine_FoiltrueNM-M,0,0.84,http://s.mtgprice.com/sets/Throne_of_Eldraine/img/Lost Legion.full.jpg,True,0.25,Card Kingdom,Lost Legion,,0.0,0,Throne_of_Eldraine_Foil,/spoiler_lists/Throne_of_Eldrain_(Foil),/sets/Throne_of_Eldraine_Foil/Lost_Legion
-0.23000001907348602,0.0,UNDEFINED,0.0,Lovestruck_BeastThrone_of_Eldraine_FoiltrueNM-M,0,1.26,http://s.mtgprice.com/sets/Throne_of_Eldraine/img/Lovestruck Beast.full.jpg,True,0.79,Card Kingdom,Lovestruck Beast,-15.43624210357666,0.0,0,Throne_of_Eldraine_Foil,/spoiler_lists/Throne_of_Eldrain_(Foil),/sets/Throne_of_Eldraine_Foil/Lovestruck_Beast
0.5299999713897701,-0.009999990463256002,ChannelFireball,0.1,Lucky_CloverThrone_of_Eldraine_FoiltrueNM-M,0,1.02,http://s.mtgprice.com/sets/Throne_of_Eldraine/img/Lucky Clover.full.jpg,True,0.3,ABUGames,Lucky Clover,108.16326141357422,-0.9708728790283201,0,Throne_of_Eldraine_Foil,/spoiler_lists/Throne_of_Eldrain_(Foil),/sets/Throne_of_Eldraine_Foil/Lucky_Clover
0.0,0.0,UNDEFINED,0.0,Mace_of_the_ValiantThrone_of_Eldraine_FoiltrueNM-M,0,0.0,http://s.mtgprice.com/sets/Throne_of_Eldraine/img/Mace of the Valiant.full.jpg,True,999999.0,Unknown,Mace of the Valiant,,,0,Throne_of_Eldraine_Foil,/spoiler_lists/Throne_of_Eldrain_(Foil),/sets/Throne_of_Eldraine_Foil/Mace_of_the_Valiant
0.8999999761581421,0.0,ChannelFireball,0.05,Mad_RatterThrone_of_Eldraine_FoiltrueNM-M,0,0.9,http://s.mtgprice.com/sets/Throne_of_Eldraine/img/Mad Ratter.full.jpg,True,0.35,Card Kingdom,Mad Ratter,,0.0,0,Throne_of_Eldraine_Foil,/spoiler_lists/Throne_of_Eldrain_(Foil),/sets/Throne_of_Eldraine_Foil/Mad_Ratter
0.18999999761581401,0.0,ChannelFireball,0.05,Malevolent_NobleThrone_of_Eldraine_FoiltrueNM-M,0,0.19,http://s.mtgprice.com/sets/Throne_of_Eldraine/img/Malevolent Noble.full.jpg,True,0.25,Card Kingdom,Malevolent Noble,,0.0,0,Throne_of_Eldraine_Foil,/spoiler_lists/Throne_of_Eldrain_(Foil),/sets/Throne_of_Eldraine_Foil/Malevolent_Noble
0.829999983310699,0.0,ChannelFireball,0.05,Mantle_of_TidesThrone_of_Eldraine_FoiltrueNM-M,0,0.8300000000000001,http://s.mtgprice.com/sets/Throne_of_Eldraine/img/Mantle of Tides.full.jpg,True,0.25,Card Kingdom,Mantle of Tides,,0.0,0,Throne_of_Eldraine_Foil,/spoiler_lists/Throne_of_Eldrain_(Foil),/sets/Throne_of_Eldraine_Foil/Mantle_of_Tides
0.930000007152557,0.0,Card Kingdom,0.06,Maraleaf_PixieThrone_of_Eldraine_FoiltrueNM-M,0,0.93,http://s.mtgprice.com/sets/Throne_of_Eldraine/img/Maraleaf Pixie.full.jpg,True,0.24,ABUGames,Maraleaf Pixie,,0.0,0,Throne_of_Eldraine_Foil,/spoiler_lists/Throne_of_Eldrain_(Foil),/sets/Throne_of_Eldraine_Foil/Maraleaf_Pixie
0.829999983310699,0.0,ChannelFireball,0.05,Maraleaf_RiderThrone_of_Eldraine_FoiltrueNM-M,0,0.8300000000000001,http://s.mtgprice.com/sets/Throne_of_Eldraine/img/Maraleaf Rider.full.jpg,True,0.25,Card Kingdom,Maraleaf Rider,,0.0,0,Throne_of_Eldraine_Foil,/spoiler_lists/Throne_of_Eldrain_(Foil),/sets/Throne_of_Eldraine_Foil/Maraleaf_Rider
0.18999999761581401,0.0,ChannelFireball,0.05,Memory_TheftThrone_of_Eldraine_FoiltrueNM-M,0,0.19,http://s.mtgprice.com/sets/Throne_of_Eldraine/img/Memory Theft.full.jpg,True,0.25,Card Kingdom,Memory Theft,,0.0,0,Throne_of_Eldraine_Foil,/spoiler_lists/Throne_of_Eldrain_(Foil),/sets/Throne_of_Eldraine_Foil/Memory_Theft
0.370000004768371,0.0,Card Kingdom,0.05,Merchant_of_the_ValeThrone_of_Eldraine_FoiltrueNM-M,0,0.37,http://s.mtgprice.com/sets/Throne_of_Eldraine/img/Merchant of the Vale.full.jpg,True,0.25,Card Kingdom,Merchant of the Vale,,0.0,0,Throne_of_Eldraine_Foil,/spoiler_lists/Throne_of_Eldrain_(Foil),/sets/Throne_of_Eldraine_Foil/Merchant_of_the_Vale
0.300000011920928,0.0,UNDEFINED,0.0,Merfolk_SecretkeeperThrone_of_Eldraine_FoiltrueNM-M,0,0.30000000000000004,http://s.mtgprice.com/sets/Throne_of_Eldraine/img/Merfolk Secretkeeper.full.jpg,True,0.25,Card Kingdom,Merfolk Secretkeeper,,0.0,0,Throne_of_Eldraine_Foil,/spoiler_lists/Throne_of_Eldrain_(Foil),/sets/Throne_of_Eldraine_Foil/Merfolk_Secretkeeper
0.0,0.0,UNDEFINED,0.0,Mesmeric_GlareThrone_of_Eldraine_FoiltrueNM-M,0,0.0,http://s.mtgprice.com/sets/Throne_of_Eldraine/img/Mesmeric Glare.full.jpg,True,999999.0,Unknown,Mesmeric Glare,,,0,Throne_of_Eldraine_Foil,/spoiler_lists/Throne_of_Eldrain_(Foil),/sets/Throne_of_Eldraine_Foil/Mesmeric_Glare
1.269999980926513,0.0,CoolStuff,0.25,Midnight_ClockThrone_of_Eldraine_FoiltrueNM-M,0,1.27,http://s.mtgprice.com/sets/Throne_of_Eldraine/img/Midnight Clock.full.jpg,True,0.59,ABUGames,Midnight Clock,,0.0,0,Throne_of_Eldraine_Foil,/spoiler_lists/Throne_of_Eldrain_(Foil),/sets/Throne_of_Eldraine_Foil/Midnight_Clock
2.609999895095825,0.17999982833862302,CoolStuff,1.25,MirrormadeThrone_of_Eldraine_FoiltrueNM-M,0,2.61,http://s.mtgprice.com/sets/Throne_of_Eldraine/img/Mirrormade.full.jpg,True,2.49,CoolStuff,Mirrormade,,7.407400131225586,0,Throne_of_Eldraine_Foil,/spoiler_lists/Throne_of_Eldrain_(Foil),/sets/Throne_of_Eldraine_Foil/Mirrormade
0.8000000119209291,0.0,ChannelFireball,0.05,Mistford_River_TurtleThrone_of_Eldraine_FoiltrueNM-M,0,0.8,http://s.mtgprice.com/sets/Throne_of_Eldraine/img/Mistford River Turtle.full.jpg,True,0.25,Card Kingdom,Mistford River Turtle,,0.0,0,Throne_of_Eldraine_Foil,/spoiler_lists/Throne_of_Eldrain_(Foil),/sets/Throne_of_Eldraine_Foil/Mistford_River_Turtle
0.810000002384185,0.0,ChannelFireball,0.05,Moonlit_ScavengersThrone_of_Eldraine_FoiltrueNM-M,0,0.81,http://s.mtgprice.com/sets/Throne_of_Eldraine/img/Moonlit Scavengers.full.jpg,True,0.25,Card Kingdom,Moonlit Scavengers,,0.0,0,Throne_of_Eldraine_Foil,/spoiler_lists/Throne_of_Eldrain_(Foil),/sets/Throne_of_Eldraine_Foil/Moonlit_Scavengers
0.620000004768371,0.0,ChannelFireball,0.05,MountainThrone_of_Eldraine_FoiltrueNM-M,0,0.62,http://s.mtgprice.com/sets/Throne_of_Eldraine/img/Mountain.full.jpg,True,0.49,CoolStuff,Mountain,,0.0,0,Throne_of_Eldraine_Foil,/spoiler_lists/Throne_of_Eldrain_(Foil),/sets/Throne_of_Eldraine_Foil/Mountain
-0.16999959945678703,0.0,CoolStuff,2.5,Murderous_RiderThrone_of_Eldraine_FoiltrueNM-M,0,4.82,http://s.mtgprice.com/sets/Throne_of_Eldraine/img/Murderous Rider.full.jpg,True,4.49,Card Kingdom,Murderous Rider,-3.406805992126465,0.0,0,Throne_of_Eldraine_Foil,/spoiler_lists/Throne_of_Eldrain_(Foil),/sets/Throne_of_Eldraine_Foil/Murderous_Rider
0.8199999928474421,0.0,ChannelFireball,0.05,Mysterious_PathlighterThrone_of_Eldraine_FoiltrueNM-M,0,0.8200000000000001,http://s.mtgprice.com/sets/Throne_of_Eldraine/img/Mysterious Pathlighter.full.jpg,True,0.25,Card Kingdom,Mysterious Pathlighter,,0.0,0,Throne_of_Eldraine_Foil,/spoiler_lists/Throne_of_Eldrain_(Foil),/sets/Throne_of_Eldraine_Foil/Mysterious_Pathlighter
5.269999980926514,0.44000005722045904,StrikeZone,2.0,Mystic_SanctuaryThrone_of_Eldraine_FoiltrueNM-M,0,5.27,http://s.mtgprice.com/sets/Throne_of_Eldraine/img/Mystic Sanctuary.full.jpg,True,3.25,ABUGames,Mystic Sanctuary,,9.109732627868652,0,Throne_of_Eldraine_Foil,/spoiler_lists/Throne_of_Eldrain_(Foil),/sets/Throne_of_Eldraine_Foil/Mystic_Sanctuary
5.710000038146973,0.0,StrikeZone,3.0,Mystical_DisputeThrone_of_Eldraine_FoiltrueNM-M,0,5.71,http://s.mtgprice.com/sets/Throne_of_Eldraine/img/Mystical Dispute.full.jpg,True,5.71,TCG Player,Mystical Dispute,,0.0,0,Throne_of_Eldraine_Foil,/spoiler_lists/Throne_of_Eldrain_(Foil),/sets/Throne_of_Eldraine_Foil/Mystical_Dispute
0.0,0.0,UNDEFINED,0.0,Oaken_BoonThrone_of_Eldraine_FoiltrueNM-M,0,0.0,http://s.mtgprice.com/sets/Throne_of_Eldraine/img/Oaken Boon.full.jpg,True,999999.0,Unknown,Oaken Boon,,,0,Throne_of_Eldraine_Foil,/spoiler_lists/Throne_of_Eldrain_(Foil),/sets/Throne_of_Eldraine_Foil/Oaken_Boon
4.25,2.599999904632568,Card Kingdom,0.38,Oakhame_AdversaryThrone_of_Eldraine_FoiltrueNM-M,0,4.25,http://s.mtgprice.com/sets/Throne_of_Eldraine/img/Oakhame Adversary.full.jpg,True,4.25,TCG Player,Oakhame Adversary,,157.57574462890625,0,Throne_of_Eldraine_Foil,/spoiler_lists/Throne_of_Eldrain_(Foil),/sets/Throne_of_Eldraine_Foil/Oakhame_Adversary
0.370000004768371,0.0,UNDEFINED,0.0,Oakhame_RangerThrone_of_Eldraine_FoiltrueNM-M,0,0.37,http://s.mtgprice.com/sets/Throne_of_Eldraine/img/Oakhame Ranger.full.jpg,True,0.25,Card Kingdom,Oakhame Ranger,,0.0,0,Throne_of_Eldraine_Foil,/spoiler_lists/Throne_of_Eldrain_(Foil),/sets/Throne_of_Eldraine_Foil/Oakhame_Ranger
1.080000042915344,0.0,ABUGames,1.2,Oathsworn_KnightThrone_of_Eldraine_FoiltrueNM-M,0,1.08,http://s.mtgprice.com/sets/Throne_of_Eldraine/img/Oathsworn Knight.full.jpg,True,0.49,Card Kingdom,Oathsworn Knight,,0.0,0,Throne_of_Eldraine_Foil,/spoiler_lists/Throne_of_Eldrain_(Foil),/sets/Throne_of_Eldraine_Foil/Oathsworn_Knight
0.790000021457672,0.0,ChannelFireball,0.05,Ogre_ErrantThrone_of_Eldraine_FoiltrueNM-M,0,0.79,http://s.mtgprice.com/sets/Throne_of_Eldraine/img/Ogre Errant.full.jpg,True,0.25,Card Kingdom,Ogre Errant,,0.0,0,Throne_of_Eldraine_Foil,/spoiler_lists/Throne_of_Eldrain_(Foil),/sets/Throne_of_Eldraine_Foil/Ogre_Errant
0.0,0.0,UNDEFINED,0.0,Oko's_AccomplicesThrone_of_Eldraine_FoiltrueNM-M,0,0.0,http://s.mtgprice.com/sets/Throne_of_Eldraine/img/Oko's Accomplices.full.jpg,True,999999.0,Unknown,Oko's Accomplices,,,0,Throne_of_Eldraine_Foil,/spoiler_lists/Throne_of_Eldrain_(Foil),/sets/Throne_of_Eldraine_Foil/Oko's_Accomplices
0.0,0.0,UNDEFINED,0.0,Oko's_HospitalityThrone_of_Eldraine_FoiltrueNM-M,0,0.0,http://s.mtgprice.com/sets/Throne_of_Eldraine/img/Oko's Hospitality.full.jpg,True,999999.0,Unknown,Oko's Hospitality,,,0,Throne_of_Eldraine_Foil,/spoiler_lists/Throne_of_Eldrain_(Foil),/sets/Throne_of_Eldraine_Foil/Oko's_Hospitality
21.5,0.0,ABUGames,31.06,"Oko,_Thief_of_CrownsThrone_of_Eldraine_FoiltrueNM-M",0,21.5,"http://s.mtgprice.com/sets/Throne_of_Eldraine/img/Oko, Thief of Crowns.full.jpg",True,21.5,TCG Player,"Oko, Thief of Crowns",,0.0,0,Throne_of_Eldraine_Foil,/spoiler_lists/Throne_of_Eldrain_(Foil),"/sets/Throne_of_Eldraine_Foil/Oko,_Thief_of_Crowns"
2.200000047683716,0.0,ABUGames,0.52,"Oko,_the_TricksterThrone_of_Eldraine_FoiltrueNM-M",0,2.2,"http://s.mtgprice.com/sets/Throne_of_Eldraine/img/Oko, the Trickster.full.jpg",True,0.99,Card Kingdom,"Oko, the Trickster",,0.0,0,Throne_of_Eldraine_Foil,/spoiler_lists/Throne_of_Eldrain_(Foil),"/sets/Throne_of_Eldraine_Foil/Oko,_the_Trickster"
0.0,0.0,UNDEFINED,0.0,On_AlertThrone_of_Eldraine_FoiltrueNM-M,0,0.0,http://s.mtgprice.com/sets/Throne_of_Eldraine/img/On Alert.full.jpg,True,999999.0,Unknown,On Alert,,,0,Throne_of_Eldraine_Foil,/spoiler_lists/Throne_of_Eldrain_(Foil),/sets/Throne_of_Eldraine_Foil/On_Alert
-4.210000038146973,0.049999952316284006,ABUGames,1.64,Once_Upon_a_TimeThrone_of_Eldraine_FoiltrueNM-M,0,3.7800000000000002,http://s.mtgprice.com/sets/Throne_of_Eldraine/img/Once Upon a Time.full.jpg,True,3.78,TCG Player,Once Upon a Time,-52.69086456298828,1.3404812812805171,0,Throne_of_Eldraine_Foil,/spoiler_lists/Throne_of_Eldrain_(Foil),/sets/Throne_of_Eldraine_Foil/Once_Upon_a_Time
0.9800000190734861,0.0,ChannelFireball,0.05,Once_and_FutureThrone_of_Eldraine_FoiltrueNM-M,0,0.98,http://s.mtgprice.com/sets/Throne_of_Eldraine/img/Once and Future.full.jpg,True,0.35,Card Kingdom,Once and Future,,0.0,0,Throne_of_Eldraine_Foil,/spoiler_lists/Throne_of_Eldrain_(Foil),/sets/Throne_of_Eldraine_Foil/Once_and_Future
0.990000009536743,0.0,ChannelFireball,0.25,Opportunistic_DragonThrone_of_Eldraine_FoiltrueNM-M,0,0.99,http://s.mtgprice.com/sets/Throne_of_Eldraine/img/Opportunistic Dragon.full.jpg,True,0.44,ABUGames,Opportunistic Dragon,,0.0,0,Throne_of_Eldraine_Foil,/spoiler_lists/Throne_of_Eldrain_(Foil),/sets/Throne_of_Eldraine_Foil/Opportunistic_Dragon
0.540000021457672,0.0,ChannelFireball,0.1,OptThrone_of_Eldraine_FoiltrueNM-M,0,1.23,http://s.mtgprice.com/sets/Throne_of_Eldraine/img/Opt.full.jpg,True,0.38,ABUGames,Opt,78.26087188720703,0.0,0,Throne_of_Eldraine_Foil,/spoiler_lists/Throne_of_Eldrain_(Foil),/sets/Throne_of_Eldraine_Foil/Opt
0.41999998688697804,0.0,UNDEFINED,0.0,Order_of_MidnightThrone_of_Eldraine_FoiltrueNM-M,0,0.42,http://s.mtgprice.com/sets/Throne_of_Eldraine/img/Order of Midnight.full.jpg,True,0.35,Card Kingdom,Order of Midnight,,0.0,0,Throne_of_Eldraine_Foil,/spoiler_lists/Throne_of_Eldrain_(Foil),/sets/Throne_of_Eldraine_Foil/Order_of_Midnight
0.8000000119209291,0.0,ChannelFireball,0.05,OutflankThrone_of_Eldraine_FoiltrueNM-M,0,0.8,http://s.mtgprice.com/sets/Throne_of_Eldraine/img/Outflank.full.jpg,True,0.25,Card Kingdom,Outflank,,0.0,0,Throne_of_Eldraine_Foil,/spoiler_lists/Throne_of_Eldrain_(Foil),/sets/Throne_of_Eldraine_Foil/Outflank
1.77999997138977,0.0,CoolStuff,0.75,Outlaws'_MerrimentThrone_of_Eldraine_FoiltrueNM-M,0,1.78,http://s.mtgprice.com/sets/Throne_of_Eldraine/img/Outlaws' Merriment.full.jpg,True,1.25,ChannelFireball,Outlaws' Merriment,,0.0,0,Throne_of_Eldraine_Foil,/spoiler_lists/Throne_of_Eldrain_(Foil),/sets/Throne_of_Eldraine_Foil/Outlaws'_Merriment
0.829999983310699,0.0,ChannelFireball,0.05,OutmuscleThrone_of_Eldraine_FoiltrueNM-M,0,0.8300000000000001,http://s.mtgprice.com/sets/Throne_of_Eldraine/img/Outmuscle.full.jpg,True,0.25,Card Kingdom,Outmuscle,,0.0,0,Throne_of_Eldraine_Foil,/spoiler_lists/Throne_of_Eldrain_(Foil),/sets/Throne_of_Eldraine_Foil/Outmuscle
1.02999997138977,0.0,Card Kingdom,0.1,Overwhelmed_ApprenticeThrone_of_Eldraine_FoiltrueNM-M,0,1.03,http://s.mtgprice.com/sets/Throne_of_Eldraine/img/Overwhelmed Apprentice.full.jpg,True,0.36,ABUGames,Overwhelmed Apprentice,,0.0,0,Throne_of_Eldraine_Foil,/spoiler_lists/Throne_of_Eldrain_(Foil),/sets/Throne_of_Eldraine_Foil/Overwhelmed_Apprentice
0.0,0.0,UNDEFINED,0.0,Petty_TheftThrone_of_Eldraine_FoiltrueNM-M,0,0.0,http://s.mtgprice.com/sets/Throne_of_Eldraine/img/Petty Theft.full.jpg,True,999999.0,Unknown,Petty Theft,,,0,Throne_of_Eldraine_Foil,/spoiler_lists/Throne_of_Eldrain_(Foil),/sets/Throne_of_Eldraine_Foil/Petty_Theft
0.43999999761581404,0.0,ChannelFireball,0.25,Piper_of_the_SwarmThrone_of_Eldraine_FoiltrueNM-M,0,1.13,http://s.mtgprice.com/sets/Throne_of_Eldraine/img/Piper of the Swarm.full.jpg,True,0.25,ABUGames,Piper of the Swarm,63.76811981201172,0.0,0,Throne_of_Eldraine_Foil,/spoiler_lists/Throne_of_Eldrain_(Foil),/sets/Throne_of_Eldraine_Foil/Piper_of_the_Swarm
0.930000007152557,0.0,ChannelFireball,0.05,PlainsThrone_of_Eldraine_FoiltrueNM-M,0,0.93,http://s.mtgprice.com/sets/Throne_of_Eldraine/img/Plains.full.jpg,True,0.49,CoolStuff,Plains,,0.0,0,Throne_of_Eldraine_Foil,/spoiler_lists/Throne_of_Eldrain_(Foil),/sets/Throne_of_Eldraine_Foil/Plains
0.790000021457672,0.0,ChannelFireball,0.05,Prized_GriffinThrone_of_Eldraine_FoiltrueNM-M,0,0.79,http://s.mtgprice.com/sets/Throne_of_Eldraine/img/Prized Griffin.full.jpg,True,0.25,Card Kingdom,Prized Griffin,,0.0,0,Throne_of_Eldraine_Foil,/spoiler_lists/Throne_of_Eldrain_(Foil),/sets/Throne_of_Eldraine_Foil/Prized_Griffin
0.0,0.0,UNDEFINED,0.0,Profane_InsightThrone_of_Eldraine_FoiltrueNM-M,0,0.0,http://s.mtgprice.com/sets/Throne_of_Eldraine/img/Profane Insight.full.jpg,True,999999.0,Unknown,Profane Insight,,,0,Throne_of_Eldraine_Foil,/spoiler_lists/Throne_of_Eldrain_(Foil),/sets/Throne_of_Eldraine_Foil/Profane_Insight
0.18999999761581401,0.0,ChannelFireball,0.05,Prophet_of_the_PeakThrone_of_Eldraine_FoiltrueNM-M,0,0.19,http://s.mtgprice.com/sets/Throne_of_Eldraine/img/Prophet of the Peak.full.jpg,True,0.25,Card Kingdom,Prophet of the Peak,,0.0,0,Throne_of_Eldraine_Foil,/spoiler_lists/Throne_of_Eldrain_(Foil),/sets/Throne_of_Eldraine_Foil/Prophet_of_the_Peak
0.25,0.0,UNDEFINED,0.0,Queen_of_IceThrone_of_Eldraine_FoiltrueNM-M,0,0.25,http://s.mtgprice.com/sets/Throne_of_Eldraine/img/Queen of Ice.full.jpg,True,0.25,Card Kingdom,Queen of Ice,,0.0,0,Throne_of_Eldraine_Foil,/spoiler_lists/Throne_of_Eldrain_(Foil),/sets/Throne_of_Eldraine_Foil/Queen_of_Ice
-7.050000190734863,0.29999923706054604,StrikeZone,12.0,Questing_BeastThrone_of_Eldraine_FoiltrueNM-M,0,12.94,http://s.mtgprice.com/sets/Throne_of_Eldraine/img/Questing Beast.full.jpg,True,12.94,TCG Player,Questing Beast,-35.267635345458984,2.373411655426025,0,Throne_of_Eldraine_Foil,/spoiler_lists/Throne_of_Eldrain_(Foil),/sets/Throne_of_Eldraine_Foil/Questing_Beast
0.0,0.0,UNDEFINED,0.0,Rage_of_WinterThrone_of_Eldraine_FoiltrueNM-M,0,0.0,http://s.mtgprice.com/sets/Throne_of_Eldraine/img/Rage of Winter.full.jpg,True,999999.0,Unknown,Rage of Winter,,,0,Throne_of_Eldraine_Foil,/spoiler_lists/Throne_of_Eldrain_(Foil),/sets/Throne_of_Eldraine_Foil/Rage_of_Winter
0.8000000119209291,0.0,ChannelFireball,0.05,Raging_RedcapThrone_of_Eldraine_FoiltrueNM-M,0,0.8,http://s.mtgprice.com/sets/Throne_of_Eldraine/img/Raging Redcap.full.jpg,True,0.25,Card Kingdom,Raging Redcap,,0.0,0,Throne_of_Eldraine_Foil,/spoiler_lists/Throne_of_Eldrain_(Foil),/sets/Throne_of_Eldraine_Foil/Raging_Redcap
0.8799999952316281,0.0,ChannelFireball,0.05,Rally_for_the_ThroneThrone_of_Eldraine_FoiltrueNM-M,0,0.88,http://s.mtgprice.com/sets/Throne_of_Eldraine/img/Rally for the Throne.full.jpg,True,0.25,Card Kingdom,Rally for the Throne,,0.0,0,Throne_of_Eldraine_Foil,/spoiler_lists/Throne_of_Eldrain_(Foil),/sets/Throne_of_Eldraine_Foil/Rally_for_the_Throne
0.21999999880790702,0.0,ChannelFireball,0.05,Rampart_SmasherThrone_of_Eldraine_FoiltrueNM-M,0,0.22,http://s.mtgprice.com/sets/Throne_of_Eldraine/img/Rampart Smasher.full.jpg,True,0.25,Card Kingdom,Rampart Smasher,,0.0,0,Throne_of_Eldraine_Foil,/spoiler_lists/Throne_of_Eldrain_(Foil),/sets/Throne_of_Eldraine_Foil/Rampart_Smasher
-3.319999694824218,0.030000209808349002,ABUGames,18.63,"Rankle,_Master_of_PranksThrone_of_Eldraine_FoiltrueNM-M",0,5.67,"http://s.mtgprice.com/sets/Throne_of_Eldraine/img/Rankle, Master of Pranks.full.jpg",True,5.67,TCG Player,"Rankle, Master of Pranks",-36.9299201965332,0.53191864490509,0,Throne_of_Eldraine_Foil,/spoiler_lists/Throne_of_Eldrain_(Foil),"/sets/Throne_of_Eldraine_Foil/Rankle,_Master_of_Pranks"
1.240000009536743,0.0,StrikeZone,0.5,Realm-Cloaked_GiantThrone_of_Eldraine_FoiltrueNM-M,0,1.24,http://s.mtgprice.com/sets/Throne_of_Eldraine/img/Realm-Cloaked Giant.full.jpg,True,0.99,Card Kingdom,Realm-Cloaked Giant,,0.0,0,Throne_of_Eldraine_Foil,/spoiler_lists/Throne_of_Eldrain_(Foil),/sets/Throne_of_Eldraine_Foil/Realm-Cloaked_Giant
0.25,0.0,UNDEFINED,0.0,Reaper_of_NightThrone_of_Eldraine_FoiltrueNM-M,0,0.25,http://s.mtgprice.com/sets/Throne_of_Eldraine/img/Reaper of Night.full.jpg,True,0.25,Card Kingdom,Reaper of Night,,0.0,0,Throne_of_Eldraine_Foil,/spoiler_lists/Throne_of_Eldrain_(Foil),/sets/Throne_of_Eldraine_Foil/Reaper_of_Night
0.829999983310699,0.0,ChannelFireball,0.05,Reave_SoulThrone_of_Eldraine_FoiltrueNM-M,0,0.8300000000000001,http://s.mtgprice.com/sets/Throne_of_Eldraine/img/Reave Soul.full.jpg,True,0.25,Card Kingdom,Reave Soul,,0.0,0,Throne_of_Eldraine_Foil,/spoiler_lists/Throne_of_Eldrain_(Foil),/sets/Throne_of_Eldraine_Foil/Reave_Soul
0.9599999785423271,0.0,Card Kingdom,0.05,Redcap_MeleeThrone_of_Eldraine_FoiltrueNM-M,0,0.96,http://s.mtgprice.com/sets/Throne_of_Eldraine/img/Redcap Melee.full.jpg,True,0.24,ABUGames,Redcap Melee,,0.0,0,Throne_of_Eldraine_Foil,/spoiler_lists/Throne_of_Eldrain_(Foil),/sets/Throne_of_Eldraine_Foil/Redcap_Melee
0.790000021457672,0.0,ChannelFireball,0.05,Redcap_RaidersThrone_of_Eldraine_FoiltrueNM-M,0,0.79,http://s.mtgprice.com/sets/Throne_of_Eldraine/img/Redcap Raiders.full.jpg,True,0.25,Card Kingdom,Redcap Raiders,,0.0,0,Throne_of_Eldraine_Foil,/spoiler_lists/Throne_of_Eldrain_(Foil),/sets/Throne_of_Eldraine_Foil/Redcap_Raiders
0.8799999952316281,0.0,ChannelFireball,0.05,Resolute_RiderThrone_of_Eldraine_FoiltrueNM-M,0,0.88,http://s.mtgprice.com/sets/Throne_of_Eldraine/img/Resolute Rider.full.jpg,True,0.35,Card Kingdom,Resolute Rider,,0.0,0,Throne_of_Eldraine_Foil,/spoiler_lists/Throne_of_Eldrain_(Foil),/sets/Throne_of_Eldraine_Foil/Resolute_Rider
2.5,0.049999952316284006,StrikeZone,0.33,Return_of_the_WildspeakerThrone_of_Eldraine_FoiltrueNM-M,0,2.5,http://s.mtgprice.com/sets/Throne_of_Eldraine/img/Return of the Wildspeaker.full.jpg,True,1.15,ABUGames,Return of the Wildspeaker,,2.040814399719238,0,Throne_of_Eldraine_Foil,/spoiler_lists/Throne_of_Eldrain_(Foil),/sets/Throne_of_Eldraine_Foil/Return_of_the_Wildspeaker
0.9599999785423271,0.0,Card Kingdom,0.05,Return_to_NatureThrone_of_Eldraine_FoiltrueNM-M,0,0.96,http://s.mtgprice.com/sets/Throne_of_Eldraine/img/Return to Nature.full.jpg,True,0.25,Card Kingdom,Return to Nature,,0.0,0,Throne_of_Eldraine_Foil,/spoiler_lists/Throne_of_Eldrain_(Foil),/sets/Throne_of_Eldraine_Foil/Return_to_Nature
1.02999997138977,0.0,Card Kingdom,0.12,Revenge_of_RavensThrone_of_Eldraine_FoiltrueNM-M,0,1.03,http://s.mtgprice.com/sets/Throne_of_Eldraine/img/Revenge of Ravens.full.jpg,True,0.24,ABUGames,Revenge of Ravens,,0.0,0,Throne_of_Eldraine_Foil,/spoiler_lists/Throne_of_Eldrain_(Foil),/sets/Throne_of_Eldraine_Foil/Revenge_of_Ravens
0.0,0.0,UNDEFINED,0.0,Rider_in_NeedThrone_of_Eldraine_FoiltrueNM-M,0,0.0,http://s.mtgprice.com/sets/Throne_of_Eldraine/img/Rider in Need.full.jpg,True,999999.0,Unknown,Rider in Need,,,0,Throne_of_Eldraine_Foil,/spoiler_lists/Throne_of_Eldrain_(Foil),/sets/Throne_of_Eldraine_Foil/Rider_in_Need
0.8799999952316281,0.0,ChannelFireball,0.05,RighteousnessThrone_of_Eldraine_FoiltrueNM-M,0,0.88,http://s.mtgprice.com/sets/Throne_of_Eldraine/img/Righteousness.full.jpg,True,0.24,ABUGames,Righteousness,,0.0,0,Throne_of_Eldraine_Foil,/spoiler_lists/Throne_of_Eldrain_(Foil),/sets/Throne_of_Eldraine_Foil/Righteousness
0.300000011920928,0.0,UNDEFINED,0.0,Rimrock_KnightThrone_of_Eldraine_FoiltrueNM-M,0,0.30000000000000004,http://s.mtgprice.com/sets/Throne_of_Eldraine/img/Rimrock Knight.full.jpg,True,0.25,Card Kingdom,Rimrock Knight,,0.0,0,Throne_of_Eldraine_Foil,/spoiler_lists/Throne_of_Eldrain_(Foil),/sets/Throne_of_Eldraine_Foil/Rimrock_Knight
5.960000038146973,0.0,ABUGames,11.18,Robber_of_the_RichThrone_of_Eldraine_FoiltrueNM-M,0,5.96,http://s.mtgprice.com/sets/Throne_of_Eldraine/img/Robber of the Rich.full.jpg,True,5.96,TCG Player,Robber of the Rich,,0.0,0,Throne_of_Eldraine_Foil,/spoiler_lists/Throne_of_Eldrain_(Foil),/sets/Throne_of_Eldraine_Foil/Robber_of_the_Rich
0.25,0.0,UNDEFINED,0.0,Rosethorn_AcolyteThrone_of_Eldraine_FoiltrueNM-M,0,0.25,http://s.mtgprice.com/sets/Throne_of_Eldraine/img/Rosethorn Acolyte.full.jpg,True,0.25,Card Kingdom,Rosethorn Acolyte,,0.0,0,Throne_of_Eldraine_Foil,/spoiler_lists/Throne_of_Eldrain_(Foil),/sets/Throne_of_Eldraine_Foil/Rosethorn_Acolyte
0.810000002384185,0.0,ChannelFireball,0.05,Rosethorn_HalberdThrone_of_Eldraine_FoiltrueNM-M,0,0.81,http://s.mtgprice.com/sets/Throne_of_Eldraine/img/Rosethorn Halberd.full.jpg,True,0.25,Card Kingdom,Rosethorn Halberd,,0.0,0,Throne_of_Eldraine_Foil,/spoiler_lists/Throne_of_Eldrain_(Foil),/sets/Throne_of_Eldraine_Foil/Rosethorn_Halberd
0.810000002384185,0.0,ChannelFireball,0.05,Roving_KeepThrone_of_Eldraine_FoiltrueNM-M,0,0.81,http://s.mtgprice.com/sets/Throne_of_Eldraine/img/Roving Keep.full.jpg,True,0.25,Card Kingdom,Roving Keep,,0.0,0,Throne_of_Eldraine_Foil,/spoiler_lists/Throne_of_Eldrain_(Foil),/sets/Throne_of_Eldraine_Foil/Roving_Keep
0.0,0.0,UNDEFINED,0.0,Rowan's_BattleguardThrone_of_Eldraine_FoiltrueNM-M,0,0.0,http://s.mtgprice.com/sets/Throne_of_Eldraine/img/Rowan's Battleguard.full.jpg,True,999999.0,Unknown,Rowan's Battleguard,,,0,Throne_of_Eldraine_Foil,/spoiler_lists/Throne_of_Eldrain_(Foil),/sets/Throne_of_Eldraine_Foil/Rowan's_Battleguard
0.0,0.0,UNDEFINED,0.0,Rowan's_StalwartsThrone_of_Eldraine_FoiltrueNM-M,0,0.0,http://s.mtgprice.com/sets/Throne_of_Eldraine/img/Rowan's Stalwarts.full.jpg,True,999999.0,Unknown,Rowan's Stalwarts,,,0,Throne_of_Eldraine_Foil,/spoiler_lists/Throne_of_Eldrain_(Foil),/sets/Throne_of_Eldraine_Foil/Rowan's_Stalwarts
2.589999914169311,0.0,CoolStuff,1.25,"Rowan,_Fearless_SparkmageThrone_of_Eldraine_FoiltrueNM-M",0,2.59,"http://s.mtgprice.com/sets/Throne_of_Eldraine/img/Rowan, Fearless Sparkmage.full.jpg",True,0.99,Card Kingdom,"Rowan, Fearless Sparkmage",,0.0,0,Throne_of_Eldraine_Foil,/spoiler_lists/Throne_of_Eldrain_(Foil),"/sets/Throne_of_Eldraine_Foil/Rowan,_Fearless_Sparkmage"
0.850000023841857,0.0,ChannelFireball,0.05,Run_Away_TogetherThrone_of_Eldraine_FoiltrueNM-M,0,0.85,http://s.mtgprice.com/sets/Throne_of_Eldraine/img/Run Away Together.full.jpg,True,0.25,Card Kingdom,Run Away Together,,0.0,0,Throne_of_Eldraine_Foil,/spoiler_lists/Throne_of_Eldrain_(Foil),/sets/Throne_of_Eldraine_Foil/Run_Away_Together
0.870000004768371,-0.009999990463256002,ChannelFireball,0.05,Sage_of_the_FallsThrone_of_Eldraine_FoiltrueNM-M,0,0.87,http://s.mtgprice.com/sets/Throne_of_Eldraine/img/Sage of the Falls.full.jpg,True,0.25,Card Kingdom,Sage of the Falls,,-1.136362552642822,0,Throne_of_Eldraine_Foil,/spoiler_lists/Throne_of_Eldrain_(Foil),/sets/Throne_of_Eldraine_Foil/Sage_of_the_Falls
0.8799999952316281,0.0,ChannelFireball,0.05,Savvy_HunterThrone_of_Eldraine_FoiltrueNM-M,0,0.88,http://s.mtgprice.com/sets/Throne_of_Eldraine/img/Savvy Hunter.full.jpg,True,0.24,ABUGames,Savvy Hunter,,0.0,0,Throne_of_Eldraine_Foil,/spoiler_lists/Throne_of_Eldrain_(Foil),/sets/Throne_of_Eldraine_Foil/Savvy_Hunter
0.18999999761581401,0.0,ChannelFireball,0.05,Scalding_CauldronThrone_of_Eldraine_FoiltrueNM-M,0,0.19,http://s.mtgprice.com/sets/Throne_of_Eldraine/img/Scalding Cauldron.full.jpg,True,0.25,Card Kingdom,Scalding Cauldron,,0.0,0,Throne_of_Eldraine_Foil,/spoiler_lists/Throne_of_Eldrain_(Foil),/sets/Throne_of_Eldraine_Foil/Scalding_Cauldron
0.8600000143051141,0.0,ChannelFireball,0.05,Scorching_DragonfireThrone_of_Eldraine_FoiltrueNM-M,0,0.86,http://s.mtgprice.com/sets/Throne_of_Eldraine/img/Scorching Dragonfire.full.jpg,True,0.19,ABUGames,Scorching Dragonfire,,0.0,0,Throne_of_Eldraine_Foil,/spoiler_lists/Throne_of_Eldrain_(Foil),/sets/Throne_of_Eldraine_Foil/Scorching_Dragonfire
0.790000021457672,0.0,ChannelFireball,0.05,Searing_BarrageThrone_of_Eldraine_FoiltrueNM-M,0,0.79,http://s.mtgprice.com/sets/Throne_of_Eldraine/img/Searing Barrage.full.jpg,True,0.25,Card Kingdom,Searing Barrage,,0.0,0,Throne_of_Eldraine_Foil,/spoiler_lists/Throne_of_Eldrain_(Foil),/sets/Throne_of_Eldraine_Foil/Searing_Barrage
0.0,0.0,UNDEFINED,0.0,Seasonal_RitualThrone_of_Eldraine_FoiltrueNM-M,0,0.0,http://s.mtgprice.com/sets/Throne_of_Eldraine/img/Seasonal Ritual.full.jpg,True,999999.0,Unknown,Seasonal Ritual,,,0,Throne_of_Eldraine_Foil,/spoiler_lists/Throne_of_Eldrain_(Foil),/sets/Throne_of_Eldraine_Foil/Seasonal_Ritual
0.990000009536743,0.0,Card Kingdom,0.12,Seven_DwarvesThrone_of_Eldraine_FoiltrueNM-M,0,0.99,http://s.mtgprice.com/sets/Throne_of_Eldraine/img/Seven Dwarves.full.jpg,True,0.25,ABUGames,Seven Dwarves,,0.0,0,Throne_of_Eldraine_Foil,/spoiler_lists/Throne_of_Eldrain_(Foil),/sets/Throne_of_Eldraine_Foil/Seven_Dwarves
0.340000003576278,0.0,ChannelFireball,0.05,Shambling_SuitThrone_of_Eldraine_FoiltrueNM-M,0,0.34,http://s.mtgprice.com/sets/Throne_of_Eldraine/img/Shambling Suit.full.jpg,True,0.35,Card Kingdom,Shambling Suit,,0.0,0,Throne_of_Eldraine_Foil,/spoiler_lists/Throne_of_Eldrain_(Foil),/sets/Throne_of_Eldraine_Foil/Shambling_Suit
0.370000004768371,0.0,UNDEFINED,0.0,Shepherd_of_the_FlockThrone_of_Eldraine_FoiltrueNM-M,0,0.37,http://s.mtgprice.com/sets/Throne_of_Eldraine/img/Shepherd of the Flock.full.jpg,True,0.25,Card Kingdom,Shepherd of the Flock,,0.0,0,Throne_of_Eldraine_Foil,/spoiler_lists/Throne_of_Eldrain_(Foil),/sets/Throne_of_Eldraine_Foil/Shepherd_of_the_Flock
0.0,0.0,UNDEFINED,0.0,Shield's_MightThrone_of_Eldraine_FoiltrueNM-M,0,0.0,http://s.mtgprice.com/sets/Throne_of_Eldraine/img/Shield's Might.full.jpg,True,999999.0,Unknown,Shield's Might,,,0,Throne_of_Eldraine_Foil,/spoiler_lists/Throne_of_Eldrain_(Foil),/sets/Throne_of_Eldraine_Foil/Shield's_Might
0.0,0.0,UNDEFINED,0.0,Shimmer_DragonThrone_of_Eldraine_FoiltrueNM-M,0,0.0,http://s.mtgprice.com/sets/Throne_of_Eldraine/img/Shimmer Dragon.full.jpg,True,999999.0,Unknown,Shimmer Dragon,,,0,Throne_of_Eldraine_Foil,/spoiler_lists/Throne_of_Eldrain_(Foil),/sets/Throne_of_Eldraine_Foil/Shimmer_Dragon
0.8600000143051141,0.0,ChannelFireball,0.05,ShinechaserThrone_of_Eldraine_FoiltrueNM-M,0,0.86,http://s.mtgprice.com/sets/Throne_of_Eldraine/img/Shinechaser.full.jpg,True,0.35,Card Kingdom,Shinechaser,,0.0,0,Throne_of_Eldraine_Foil,/spoiler_lists/Throne_of_Eldrain_(Foil),/sets/Throne_of_Eldraine_Foil/Shinechaser
0.8199999928474421,0.0,ChannelFireball,0.05,Shining_ArmorThrone_of_Eldraine_FoiltrueNM-M,0,0.8200000000000001,http://s.mtgprice.com/sets/Throne_of_Eldraine/img/Shining Armor.full.jpg,True,0.25,Card Kingdom,Shining Armor,,0.0,0,Throne_of_Eldraine_Foil,/spoiler_lists/Throne_of_Eldrain_(Foil),/sets/Throne_of_Eldraine_Foil/Shining_Armor
0.18999999761581401,0.0,ChannelFireball,0.05,Signpost_ScarecrowThrone_of_Eldraine_FoiltrueNM-M,0,0.19,http://s.mtgprice.com/sets/Throne_of_Eldraine/img/Signpost Scarecrow.full.jpg,True,0.25,Card Kingdom,Signpost Scarecrow,,0.0,0,Throne_of_Eldraine_Foil,/spoiler_lists/Throne_of_Eldrain_(Foil),/sets/Throne_of_Eldraine_Foil/Signpost_Scarecrow
0.8000000119209291,0.0,ChannelFireball,0.05,Silverflame_RitualThrone_of_Eldraine_FoiltrueNM-M,0,0.8,http://s.mtgprice.com/sets/Throne_of_Eldraine/img/Silverflame Ritual.full.jpg,True,0.25,Card Kingdom,Silverflame Ritual,,0.0,0,Throne_of_Eldraine_Foil,/spoiler_lists/Throne_of_Eldrain_(Foil),/sets/Throne_of_Eldraine_Foil/Silverflame_Ritual
0.25,0.0,UNDEFINED,0.0,Silverflame_SquireThrone_of_Eldraine_FoiltrueNM-M,0,0.25,http://s.mtgprice.com/sets/Throne_of_Eldraine/img/Silverflame Squire.full.jpg,True,0.25,Card Kingdom,Silverflame Squire,,0.0,0,Throne_of_Eldraine_Foil,/spoiler_lists/Throne_of_Eldrain_(Foil),/sets/Throne_of_Eldraine_Foil/Silverflame_Squire
0.0,0.0,UNDEFINED,0.0,Silverwing_SquadronThrone_of_Eldraine_FoiltrueNM-M,0,0.0,http://s.mtgprice.com/sets/Throne_of_Eldraine/img/Silverwing Squadron.full.jpg,True,999999.0,Unknown,Silverwing Squadron,,,0,Throne_of_Eldraine_Foil,/spoiler_lists/Throne_of_Eldrain_(Foil),/sets/Throne_of_Eldraine_Foil/Silverwing_Squadron
0.829999983310699,0.0,ChannelFireball,0.05,Skullknocker_OgreThrone_of_Eldraine_FoiltrueNM-M,0,0.8300000000000001,http://s.mtgprice.com/sets/Throne_of_Eldraine/img/Skullknocker Ogre.full.jpg,True,0.25,Card Kingdom,Skullknocker Ogre,,0.0,0,Throne_of_Eldraine_Foil,/spoiler_lists/Throne_of_Eldrain_(Foil),/sets/Throne_of_Eldraine_Foil/Skullknocker_Ogre
0.870000004768371,0.0,Card Kingdom,0.06,Slaying_FireThrone_of_Eldraine_FoiltrueNM-M,0,0.87,http://s.mtgprice.com/sets/Throne_of_Eldraine/img/Slaying Fire.full.jpg,True,0.35,Card Kingdom,Slaying Fire,,0.0,0,Throne_of_Eldraine_Foil,/spoiler_lists/Throne_of_Eldrain_(Foil),/sets/Throne_of_Eldraine_Foil/Slaying_Fire
0.370000004768371,0.0,UNDEFINED,0.0,Smitten_SwordmasterThrone_of_Eldraine_FoiltrueNM-M,0,0.37,http://s.mtgprice.com/sets/Throne_of_Eldraine/img/Smitten Swordmaster.full.jpg,True,0.25,Card Kingdom,Smitten Swordmaster,,0.0,0,Throne_of_Eldraine_Foil,/spoiler_lists/Throne_of_Eldrain_(Foil),/sets/Throne_of_Eldraine_Foil/Smitten_Swordmaster
0.829999983310699,0.0,ChannelFireball,0.05,So_TinyThrone_of_Eldraine_FoiltrueNM-M,0,0.8300000000000001,http://s.mtgprice.com/sets/Throne_of_Eldraine/img/So Tiny.full.jpg,True,0.25,Card Kingdom,So Tiny,,0.0,0,Throne_of_Eldraine_Foil,/spoiler_lists/Throne_of_Eldrain_(Foil),/sets/Throne_of_Eldraine_Foil/So_Tiny
0.8600000143051141,0.0,ChannelFireball,0.05,Sorcerer's_BroomThrone_of_Eldraine_FoiltrueNM-M,0,0.86,http://s.mtgprice.com/sets/Throne_of_Eldraine/img/Sorcerer's Broom.full.jpg,True,0.25,Card Kingdom,Sorcerer's Broom,,0.0,0,Throne_of_Eldraine_Foil,/spoiler_lists/Throne_of_Eldrain_(Foil),/sets/Throne_of_Eldraine_Foil/Sorcerer's_Broom
1.02999997138977,0.0,CoolStuff,0.25,Sorcerous_SpyglassThrone_of_Eldraine_FoiltrueNM-M,0,1.03,http://s.mtgprice.com/sets/Throne_of_Eldraine/img/Sorcerous Spyglass.full.jpg,True,0.75,ABUGames,Sorcerous Spyglass,,0.0,0,Throne_of_Eldraine_Foil,/spoiler_lists/Throne_of_Eldrain_(Foil),/sets/Throne_of_Eldraine_Foil/Sorcerous_Spyglass
0.8199999928474421,0.0,ChannelFireball,0.05,Specter's_ShriekThrone_of_Eldraine_FoiltrueNM-M,0,0.8200000000000001,http://s.mtgprice.com/sets/Throne_of_Eldraine/img/Specter's Shriek.full.jpg,True,0.35,Card Kingdom,Specter's Shriek,,0.0,0,Throne_of_Eldraine_Foil,/spoiler_lists/Throne_of_Eldrain_(Foil),/sets/Throne_of_Eldraine_Foil/Specter's_Shriek
0.8999999761581421,0.0,ChannelFireball,0.05,Spinning_WheelThrone_of_Eldraine_FoiltrueNM-M,0,0.9,http://s.mtgprice.com/sets/Throne_of_Eldraine/img/Spinning Wheel.full.jpg,True,0.25,Card Kingdom,Spinning Wheel,,0.0,0,Throne_of_Eldraine_Foil,/spoiler_lists/Throne_of_Eldrain_(Foil),/sets/Throne_of_Eldraine_Foil/Spinning_Wheel
0.18999999761581401,0.0,ChannelFireball,0.05,Sporecap_SpiderThrone_of_Eldraine_FoiltrueNM-M,0,0.19,http://s.mtgprice.com/sets/Throne_of_Eldraine/img/Sporecap Spider.full.jpg,True,0.25,Card Kingdom,Sporecap Spider,,0.0,0,Throne_of_Eldraine_Foil,/spoiler_lists/Throne_of_Eldrain_(Foil),/sets/Throne_of_Eldraine_Foil/Sporecap_Spider
0.0,0.0,UNDEFINED,0.0,Steelbane_HydraThrone_of_Eldraine_FoiltrueNM-M,0,0.0,http://s.mtgprice.com/sets/Throne_of_Eldraine/img/Steelbane Hydra.full.jpg,True,999999.0,Unknown,Steelbane Hydra,,,0,Throne_of_Eldraine_Foil,/spoiler_lists/Throne_of_Eldrain_(Foil),/sets/Throne_of_Eldraine_Foil/Steelbane_Hydra
0.870000004768371,0.0,ChannelFireball,0.05,Steelclaw_LanceThrone_of_Eldraine_FoiltrueNM-M,0,0.87,http://s.mtgprice.com/sets/Throne_of_Eldraine/img/Steelclaw Lance.full.jpg,True,0.35,Card Kingdom,Steelclaw Lance,,0.0,0,Throne_of_Eldraine_Foil,/spoiler_lists/Throne_of_Eldrain_(Foil),/sets/Throne_of_Eldraine_Foil/Steelclaw_Lance
0.8000000119209291,0.0,ChannelFireball,0.05,Steelgaze_GriffinThrone_of_Eldraine_FoiltrueNM-M,0,0.8,http://s.mtgprice.com/sets/Throne_of_Eldraine/img/Steelgaze Griffin.full.jpg,True,0.25,Card Kingdom,Steelgaze Griffin,,0.0,0,Throne_of_Eldraine_Foil,/spoiler_lists/Throne_of_Eldrain_(Foil),/sets/Throne_of_Eldraine_Foil/Steelgaze_Griffin
0.5299999713897701,0.009999990463256002,ChannelFireball,0.25,Stolen_by_the_FaeThrone_of_Eldraine_FoiltrueNM-M,0,1.02,http://s.mtgprice.com/sets/Throne_of_Eldraine/img/Stolen by the Fae.full.jpg,True,0.29,ABUGames,Stolen by the Fae,108.16326141357422,0.9900980591773981,0,Throne_of_Eldraine_Foil,/spoiler_lists/Throne_of_Eldrain_(Foil),/sets/Throne_of_Eldraine_Foil/Stolen_by_the_Fae
0.0,0.0,UNDEFINED,0.0,StompThrone_of_Eldraine_FoiltrueNM-M,0,0.0,http://s.mtgprice.com/sets/Throne_of_Eldraine/img/Stomp.full.jpg,True,999999.0,Unknown,Stomp,,,0,Throne_of_Eldraine_Foil,/spoiler_lists/Throne_of_Eldrain_(Foil),/sets/Throne_of_Eldraine_Foil/Stomp
4.329999923706055,0.0,CoolStuff,2.5,Stonecoil_SerpentThrone_of_Eldraine_FoiltrueNM-M,0,4.33,http://s.mtgprice.com/sets/Throne_of_Eldraine/img/Stonecoil Serpent.full.jpg,True,3.79,ABUGames,Stonecoil Serpent,,0.0,0,Throne_of_Eldraine_Foil,/spoiler_lists/Throne_of_Eldrain_(Foil),/sets/Throne_of_Eldraine_Foil/Stonecoil_Serpent
0.48999994993209806,0.039999961853027004,ABUGames,2.45,Stormfist_CrusaderThrone_of_Eldraine_FoiltrueNM-M,0,1.28,http://s.mtgprice.com/sets/Throne_of_Eldraine/img/Stormfist Crusader.full.jpg,True,0.79,StrikeZone,Stormfist Crusader,62.025306701660156,3.22580337524414,0,Throne_of_Eldraine_Foil,/spoiler_lists/Throne_of_Eldrain_(Foil),/sets/Throne_of_Eldraine_Foil/Stormfist_Crusader
0.8799999952316281,0.0,ChannelFireball,0.25,Sundering_StrokeThrone_of_Eldraine_FoiltrueNM-M,0,0.88,http://s.mtgprice.com/sets/Throne_of_Eldraine/img/Sundering Stroke.full.jpg,True,0.44,ABUGames,Sundering Stroke,,0.0,0,Throne_of_Eldraine_Foil,/spoiler_lists/Throne_of_Eldrain_(Foil),/sets/Throne_of_Eldraine_Foil/Sundering_Stroke
0.620000004768371,0.0,ChannelFireball,0.05,SwampThrone_of_Eldraine_FoiltrueNM-M,0,0.62,http://s.mtgprice.com/sets/Throne_of_Eldraine/img/Swamp.full.jpg,True,0.49,CoolStuff,Swamp,,0.0,0,Throne_of_Eldraine_Foil,/spoiler_lists/Throne_of_Eldrain_(Foil),/sets/Throne_of_Eldraine_Foil/Swamp
0.0,0.0,UNDEFINED,0.0,Swift_EndThrone_of_Eldraine_FoiltrueNM-M,0,0.0,http://s.mtgprice.com/sets/Throne_of_Eldraine/img/Swift End.full.jpg,True,999999.0,Unknown,Swift End,,,0,Throne_of_Eldraine_Foil,/spoiler_lists/Throne_of_Eldrain_(Foil),/sets/Throne_of_Eldraine_Foil/Swift_End
0.9200000166893001,0.0,ChannelFireball,0.05,"Syr_Alin,_the_Lion's_ClawThrone_of_Eldraine_FoiltrueNM-M",0,0.92,"http://s.mtgprice.com/sets/Throne_of_Eldraine/img/Syr Alin, the Lion's Claw.full.jpg",True,0.24,ABUGames,"Syr Alin, the Lion's Claw",,0.0,0,Throne_of_Eldraine_Foil,/spoiler_lists/Throne_of_Eldrain_(Foil),"/sets/Throne_of_Eldraine_Foil/Syr_Alin,_the_Lion's_Claw"
1.019999980926513,0.0,Card Kingdom,0.06,"Syr_Carah,_the_BoldThrone_of_Eldraine_FoiltrueNM-M",0,1.02,"http://s.mtgprice.com/sets/Throne_of_Eldraine/img/Syr Carah, the Bold.full.jpg",True,0.24,ABUGames,"Syr Carah, the Bold",,0.0,0,Throne_of_Eldraine_Foil,/spoiler_lists/Throne_of_Eldrain_(Foil),"/sets/Throne_of_Eldraine_Foil/Syr_Carah,_the_Bold"
0.8799999952316281,0.0,ChannelFireball,0.05,"Syr_Elenora,_the_DiscerningThrone_of_Eldraine_FoiltrueNM-M",0,0.88,"http://s.mtgprice.com/sets/Throne_of_Eldraine/img/Syr Elenora, the Discerning.full.jpg",True,0.24,ABUGames,"Syr Elenora, the Discerning",,0.0,0,Throne_of_Eldraine_Foil,/spoiler_lists/Throne_of_Eldrain_(Foil),"/sets/Throne_of_Eldraine_Foil/Syr_Elenora,_the_Discerning"
0.990000009536743,0.0,Card Kingdom,0.06,"Syr_Faren,_the_HengehammerThrone_of_Eldraine_FoiltrueNM-M",0,0.99,"http://s.mtgprice.com/sets/Throne_of_Eldraine/img/Syr Faren, the Hengehammer.full.jpg",True,0.3,ABUGames,"Syr Faren, the Hengehammer",,0.0,0,Throne_of_Eldraine_Foil,/spoiler_lists/Throne_of_Eldrain_(Foil),"/sets/Throne_of_Eldraine_Foil/Syr_Faren,_the_Hengehammer"
0.769999980926513,0.02999997138977,ABUGames,0.36,"Syr_Gwyn,_Hero_of_AshvaleThrone_of_Eldraine_FoiltrueNM-M",0,1.65,"http://s.mtgprice.com/sets/Throne_of_Eldraine/img/Syr Gwyn, Hero of Ashvale.full.jpg",True,0.88,StrikeZone,"Syr Gwyn, Hero of Ashvale",87.5,1.851850032806396,0,Throne_of_Eldraine_Foil,/spoiler_lists/Throne_of_Eldrain_(Foil),"/sets/Throne_of_Eldraine_Foil/Syr_Gwyn,_Hero_of_Ashvale"
2.859999895095825,0.0,StrikeZone,0.75,"Syr_Konrad,_the_GrimThrone_of_Eldraine_FoiltrueNM-M",0,2.86,"http://s.mtgprice.com/sets/Throne_of_Eldraine/img/Syr Konrad, the Grim.full.jpg",True,1.55,ABUGames,"Syr Konrad, the Grim",,0.0,0,Throne_of_Eldraine_Foil,/spoiler_lists/Throne_of_Eldrain_(Foil),"/sets/Throne_of_Eldraine_Foil/Syr_Konrad,_the_Grim"
0.829999983310699,0.0,ChannelFireball,0.05,Tall_as_a_BeanstalkThrone_of_Eldraine_FoiltrueNM-M,0,0.8300000000000001,http://s.mtgprice.com/sets/Throne_of_Eldraine/img/Tall as a Beanstalk.full.jpg,True,0.25,Card Kingdom,Tall as a Beanstalk,,0.0,0,Throne_of_Eldraine_Foil,/spoiler_lists/Throne_of_Eldrain_(Foil),/sets/Throne_of_Eldraine_Foil/Tall_as_a_Beanstalk
0.0,0.0,UNDEFINED,0.0,Taste_of_DeathThrone_of_Eldraine_FoiltrueNM-M,0,0.0,http://s.mtgprice.com/sets/Throne_of_Eldraine/img/Taste of Death.full.jpg,True,999999.0,Unknown,Taste of Death,,,0,Throne_of_Eldraine_Foil,/spoiler_lists/Throne_of_Eldrain_(Foil),/sets/Throne_of_Eldraine_Foil/Taste_of_Death
0.8399999737739561,0.0,ChannelFireball,0.05,Tempting_WitchThrone_of_Eldraine_FoiltrueNM-M,0,0.84,http://s.mtgprice.com/sets/Throne_of_Eldraine/img/Tempting Witch.full.jpg,True,0.25,Card Kingdom,Tempting Witch,,0.0,0,Throne_of_Eldraine_Foil,/spoiler_lists/Throne_of_Eldrain_(Foil),/sets/Throne_of_Eldraine_Foil/Tempting_Witch
0.080000042915344,0.0,CoolStuff,1.0,The_Cauldron_of_EternityThrone_of_Eldraine_FoiltrueNM-M,0,1.97,http://s.mtgprice.com/sets/Throne_of_Eldraine/img/The Cauldron of Eternity.full.jpg,True,1.89,StrikeZone,The Cauldron of Eternity,4.23280668258667,0.0,0,Throne_of_Eldraine_Foil,/spoiler_lists/Throne_of_Eldrain_(Foil),/sets/Throne_of_Eldraine_Foil/The_Cauldron_of_Eternity
1.919999957084655,0.0,ABUGames,5.59,The_Circle_of_LoyaltyThrone_of_Eldraine_FoiltrueNM-M,0,1.92,http://s.mtgprice.com/sets/Throne_of_Eldraine/img/The Circle of Loyalty.full.jpg,True,1.92,TCG Player,The Circle of Loyalty,,0.0,0,Throne_of_Eldraine_Foil,/spoiler_lists/Throne_of_Eldrain_(Foil),/sets/Throne_of_Eldraine_Foil/The_Circle_of_Loyalty
49.4900016784668,0.0,Card Kingdom,16.5,The_Great_HengeThrone_of_Eldraine_FoiltrueNM-M,0,49.49,http://s.mtgprice.com/sets/Throne_of_Eldraine/img/The Great Henge.full.jpg,True,49.49,TCG Player,The Great Henge,,0.0,0,Throne_of_Eldraine_Foil,/spoiler_lists/Throne_of_Eldrain_(Foil),/sets/Throne_of_Eldraine_Foil/The_Great_Henge
3.329999923706054,0.0,ABUGames,9.63,The_Magic_MirrorThrone_of_Eldraine_FoiltrueNM-M,0,3.33,http://s.mtgprice.com/sets/Throne_of_Eldraine/img/The Magic Mirror.full.jpg,True,3.33,TCG Player,The Magic Mirror,,0.0,0,Throne_of_Eldraine_Foil,/spoiler_lists/Throne_of_Eldrain_(Foil),/sets/Throne_of_Eldraine_Foil/The_Magic_Mirror
-2.710000038146972,0.07999992370605401,CoolStuff,4.0,The_Royal_ScionsThrone_of_Eldraine_FoiltrueNM-M,0,6.17,http://s.mtgprice.com/sets/Throne_of_Eldraine/img/The Royal Scions.full.jpg,True,6.17,TCG Player,The Royal Scions,-30.51801872253418,1.31362760066986,0,Throne_of_Eldraine_Foil,/spoiler_lists/Throne_of_Eldrain_(Foil),/sets/Throne_of_Eldraine_Foil/The_Royal_Scions
0.0,0.0,UNDEFINED,0.0,Thorn_MammothThrone_of_Eldraine_FoiltrueNM-M,0,0.0,http://s.mtgprice.com/sets/Throne_of_Eldraine/img/Thorn Mammoth.full.jpg,True,999999.0,Unknown,Thorn Mammoth,,,0,Throne_of_Eldraine_Foil,/spoiler_lists/Throne_of_Eldrain_(Foil),/sets/Throne_of_Eldraine_Foil/Thorn_Mammoth
0.0,0.0,UNDEFINED,0.0,Thornwood_FallsThrone_of_Eldraine_FoiltrueNM-M,0,0.0,http://s.mtgprice.com/sets/Throne_of_Eldraine/img/Thornwood Falls.full.jpg,True,999999.0,Unknown,Thornwood Falls,,,0,Throne_of_Eldraine_Foil,/spoiler_lists/Throne_of_Eldrain_(Foil),/sets/Throne_of_Eldraine_Foil/Thornwood_Falls
1.129999995231628,0.180000007152557,ChannelFireball,0.1,Thrill_of_PossibilityThrone_of_Eldraine_FoiltrueNM-M,0,1.13,http://s.mtgprice.com/sets/Throne_of_Eldraine/img/Thrill of Possibility.full.jpg,True,0.24,ABUGames,Thrill of Possibility,,18.947368621826172,0,Throne_of_Eldraine_Foil,/spoiler_lists/Throne_of_Eldrain_(Foil),/sets/Throne_of_Eldraine_Foil/Thrill_of_Possibility
0.8799999952316281,0.0,ChannelFireball,0.05,Thunderous_SnapperThrone_of_Eldraine_FoiltrueNM-M,0,0.88,http://s.mtgprice.com/sets/Throne_of_Eldraine/img/Thunderous Snapper.full.jpg,True,0.24,ABUGames,Thunderous Snapper,,0.0,0,Throne_of_Eldraine_Foil,/spoiler_lists/Throne_of_Eldrain_(Foil),/sets/Throne_of_Eldraine_Foil/Thunderous_Snapper
0.790000021457672,0.0,ChannelFireball,0.05,Tome_RaiderThrone_of_Eldraine_FoiltrueNM-M,0,0.79,http://s.mtgprice.com/sets/Throne_of_Eldraine/img/Tome Raider.full.jpg,True,0.25,Card Kingdom,Tome Raider,,0.0,0,Throne_of_Eldraine_Foil,/spoiler_lists/Throne_of_Eldrain_(Foil),/sets/Throne_of_Eldraine_Foil/Tome_Raider
0.0,0.0,UNDEFINED,0.0,Tome_of_LegendsThrone_of_Eldraine_FoiltrueNM-M,0,0.0,http://s.mtgprice.com/sets/Throne_of_Eldraine/img/Tome of Legends.full.jpg,True,999999.0,Unknown,Tome of Legends,,,0,Throne_of_Eldraine_Foil,/spoiler_lists/Throne_of_Eldrain_(Foil),/sets/Throne_of_Eldraine_Foil/Tome_of_Legends
3.910000085830688,0.0,StrikeZone,3.0,"Torbran,_Thane_of_Red_FellThrone_of_Eldraine_FoiltrueNM-M",0,3.91,"http://s.mtgprice.com/sets/Throne_of_Eldraine/img/Torbran, Thane of Red Fell.full.jpg",True,3.99,ChannelFireball,"Torbran, Thane of Red Fell",,0.0,0,Throne_of_Eldraine_Foil,/spoiler_lists/Throne_of_Eldrain_(Foil),"/sets/Throne_of_Eldraine_Foil/Torbran,_Thane_of_Red_Fell"
0.6299999952316281,0.0,ChannelFireball,0.1,Tournament_GroundsThrone_of_Eldraine_FoiltrueNM-M,0,1.12,http://s.mtgprice.com/sets/Throne_of_Eldraine/img/Tournament Grounds.full.jpg,True,0.35,ABUGames,Tournament Grounds,128.57142639160156,0.0,0,Throne_of_Eldraine_Foil,/spoiler_lists/Throne_of_Eldrain_(Foil),/sets/Throne_of_Eldraine_Foil/Tournament_Grounds
0.990000009536743,0.0,ABUGames,0.03,Trail_of_CrumbsThrone_of_Eldraine_FoiltrueNM-M,0,0.99,http://s.mtgprice.com/sets/Throne_of_Eldraine/img/Trail of Crumbs.full.jpg,True,0.24,ABUGames,Trail of Crumbs,,0.0,0,Throne_of_Eldraine_Foil,/spoiler_lists/Throne_of_Eldrain_(Foil),/sets/Throne_of_Eldraine_Foil/Trail_of_Crumbs
0.889999985694885,0.0,ChannelFireball,0.05,Trapped_in_the_TowerThrone_of_Eldraine_FoiltrueNM-M,0,0.89,http://s.mtgprice.com/sets/Throne_of_Eldraine/img/Trapped in the Tower.full.jpg,True,0.25,Card Kingdom,Trapped in the Tower,,0.0,0,Throne_of_Eldraine_Foil,/spoiler_lists/Throne_of_Eldrain_(Foil),/sets/Throne_of_Eldraine_Foil/Trapped_in_the_Tower
0.0,0.0,UNDEFINED,0.0,Treats_to_ShareThrone_of_Eldraine_FoiltrueNM-M,0,0.0,http://s.mtgprice.com/sets/Throne_of_Eldraine/img/Treats to Share.full.jpg,True,999999.0,Unknown,Treats to Share,,,0,Throne_of_Eldraine_Foil,/spoiler_lists/Throne_of_Eldrain_(Foil),/sets/Throne_of_Eldraine_Foil/Treats_to_Share
0.829999983310699,0.0,ChannelFireball,0.05,True_Love's_KissThrone_of_Eldraine_FoiltrueNM-M,0,0.8300000000000001,http://s.mtgprice.com/sets/Throne_of_Eldraine/img/True Love's Kiss.full.jpg,True,0.25,Card Kingdom,True Love's Kiss,,0.0,0,Throne_of_Eldraine_Foil,/spoiler_lists/Throne_of_Eldrain_(Foil),/sets/Throne_of_Eldraine_Foil/True_Love's_Kiss
0.25,0.0,UNDEFINED,0.0,Tuinvale_TreefolkThrone_of_Eldraine_FoiltrueNM-M,0,0.25,http://s.mtgprice.com/sets/Throne_of_Eldraine/img/Tuinvale Treefolk.full.jpg,True,0.25,Card Kingdom,Tuinvale Treefolk,,0.0,0,Throne_of_Eldraine_Foil,/spoiler_lists/Throne_of_Eldrain_(Foil),/sets/Throne_of_Eldraine_Foil/Tuinvale_Treefolk
0.8600000143051141,0.0,ChannelFireball,0.05,Turn_into_a_PumpkinThrone_of_Eldraine_FoiltrueNM-M,0,0.86,http://s.mtgprice.com/sets/Throne_of_Eldraine/img/Turn into a Pumpkin.full.jpg,True,0.24,ABUGames,Turn into a Pumpkin,,0.0,0,Throne_of_Eldraine_Foil,/spoiler_lists/Throne_of_Eldrain_(Foil),/sets/Throne_of_Eldraine_Foil/Turn_into_a_Pumpkin
0.319999992847442,0.0,ChannelFireball,0.05,Unexplained_VisionThrone_of_Eldraine_FoiltrueNM-M,0,0.81,http://s.mtgprice.com/sets/Throne_of_Eldraine/img/Unexplained Vision.full.jpg,True,0.25,Card Kingdom,Unexplained Vision,65.30612182617188,0.0,0,Throne_of_Eldraine_Foil,/spoiler_lists/Throne_of_Eldrain_(Foil),/sets/Throne_of_Eldraine_Foil/Unexplained_Vision
0.0,0.0,UNDEFINED,0.0,Usher_to_SafetyThrone_of_Eldraine_FoiltrueNM-M,0,0.0,http://s.mtgprice.com/sets/Throne_of_Eldraine/img/Usher to Safety.full.jpg,True,999999.0,Unknown,Usher to Safety,,,0,Throne_of_Eldraine_Foil,/spoiler_lists/Throne_of_Eldrain_(Foil),/sets/Throne_of_Eldraine_Foil/Usher_to_Safety
-0.030000030994415002,0.0,ChannelFireball,0.25,Vantress_GargoyleThrone_of_Eldraine_FoiltrueNM-M,0,0.96,http://s.mtgprice.com/sets/Throne_of_Eldraine/img/Vantress Gargoyle.full.jpg,True,0.49,Card Kingdom,Vantress Gargoyle,-3.030306100845337,0.0,0,Throne_of_Eldraine_Foil,/spoiler_lists/Throne_of_Eldrain_(Foil),/sets/Throne_of_Eldraine_Foil/Vantress_Gargoyle
0.790000021457672,0.0,ChannelFireball,0.05,Vantress_PaladinThrone_of_Eldraine_FoiltrueNM-M,0,0.79,http://s.mtgprice.com/sets/Throne_of_Eldraine/img/Vantress Paladin.full.jpg,True,0.25,Card Kingdom,Vantress Paladin,,0.0,0,Throne_of_Eldraine_Foil,/spoiler_lists/Throne_of_Eldrain_(Foil),/sets/Throne_of_Eldraine_Foil/Vantress_Paladin
0.48000001907348605,0.0,Card Kingdom,0.06,Venerable_KnightThrone_of_Eldraine_FoiltrueNM-M,0,0.97,http://s.mtgprice.com/sets/Throne_of_Eldraine/img/Venerable Knight.full.jpg,True,0.24,ABUGames,Venerable Knight,97.95918273925781,0.0,0,Throne_of_Eldraine_Foil,/spoiler_lists/Throne_of_Eldrain_(Foil),/sets/Throne_of_Eldraine_Foil/Venerable_Knight
0.0,0.0,UNDEFINED,0.0,Venture_DeeperThrone_of_Eldraine_FoiltrueNM-M,0,0.0,http://s.mtgprice.com/sets/Throne_of_Eldraine/img/Venture Deeper.full.jpg,True,999999.0,Unknown,Venture Deeper,,,0,Throne_of_Eldraine_Foil,/spoiler_lists/Throne_of_Eldrain_(Foil),/sets/Throne_of_Eldraine_Foil/Venture_Deeper
0.8600000143051141,0.0,ChannelFireball,0.05,WandermareThrone_of_Eldraine_FoiltrueNM-M,0,0.86,http://s.mtgprice.com/sets/Throne_of_Eldraine/img/Wandermare.full.jpg,True,0.35,Card Kingdom,Wandermare,,0.0,0,Throne_of_Eldraine_Foil,/spoiler_lists/Throne_of_Eldrain_(Foil),/sets/Throne_of_Eldraine_Foil/Wandermare
0.18999999761581401,0.0,ChannelFireball,0.05,Weapon_RackThrone_of_Eldraine_FoiltrueNM-M,0,0.19,http://s.mtgprice.com/sets/Throne_of_Eldraine/img/Weapon Rack.full.jpg,True,0.25,Card Kingdom,Weapon Rack,,0.0,0,Throne_of_Eldraine_Foil,/spoiler_lists/Throne_of_Eldrain_(Foil),/sets/Throne_of_Eldraine_Foil/Weapon_Rack
0.850000023841857,0.0,ChannelFireball,0.05,Weaselback_RedcapThrone_of_Eldraine_FoiltrueNM-M,0,0.85,http://s.mtgprice.com/sets/Throne_of_Eldraine/img/Weaselback Redcap.full.jpg,True,0.25,Card Kingdom,Weaselback Redcap,,0.0,0,Throne_of_Eldraine_Foil,/spoiler_lists/Throne_of_Eldrain_(Foil),/sets/Throne_of_Eldraine_Foil/Weaselback_Redcap
0.0,0.0,UNDEFINED,0.0,Welcome_HomeThrone_of_Eldraine_FoiltrueNM-M,0,0.0,http://s.mtgprice.com/sets/Throne_of_Eldraine/img/Welcome Home.full.jpg,True,999999.0,Unknown,Welcome Home,,,0,Throne_of_Eldraine_Foil,/spoiler_lists/Throne_of_Eldrain_(Foil),/sets/Throne_of_Eldraine_Foil/Welcome_Home
0.8199999928474421,0.0,ChannelFireball,0.05,Wicked_GuardianThrone_of_Eldraine_FoiltrueNM-M,0,0.8200000000000001,http://s.mtgprice.com/sets/Throne_of_Eldraine/img/Wicked Guardian.full.jpg,True,0.25,Card Kingdom,Wicked Guardian,,0.0,0,Throne_of_Eldraine_Foil,/spoiler_lists/Throne_of_Eldrain_(Foil),/sets/Throne_of_Eldraine_Foil/Wicked_Guardian
0.139999985694885,0.0,ABUGames,1.22,Wicked_WolfThrone_of_Eldraine_FoiltrueNM-M,0,1.13,http://s.mtgprice.com/sets/Throne_of_Eldraine/img/Wicked Wolf.full.jpg,True,0.49,Card Kingdom,Wicked Wolf,14.141411781311035,0.0,0,Throne_of_Eldraine_Foil,/spoiler_lists/Throne_of_Eldrain_(Foil),/sets/Throne_of_Eldraine_Foil/Wicked_Wolf
0.6899999976158141,0.0,ChannelFireball,0.25,Wildborn_PreserverThrone_of_Eldraine_FoiltrueNM-M,0,1.28,http://s.mtgprice.com/sets/Throne_of_Eldraine/img/Wildborn Preserver.full.jpg,True,0.49,Card Kingdom,Wildborn Preserver,116.94915008544922,0.0,0,Throne_of_Eldraine_Foil,/spoiler_lists/Throne_of_Eldrain_(Foil),/sets/Throne_of_Eldraine_Foil/Wildborn_Preserver
0.829999983310699,0.0,ChannelFireball,0.05,Wildwood_TrackerThrone_of_Eldraine_FoiltrueNM-M,0,0.8300000000000001,http://s.mtgprice.com/sets/Throne_of_Eldraine/img/Wildwood Tracker.full.jpg,True,0.25,Card Kingdom,Wildwood Tracker,,0.0,0,Throne_of_Eldraine_Foil,/spoiler_lists/Throne_of_Eldrain_(Foil),/sets/Throne_of_Eldraine_Foil/Wildwood_Tracker
0.0,0.0,UNDEFINED,0.0,Wind-Scarred_CragThrone_of_Eldraine_FoiltrueNM-M,0,0.0,http://s.mtgprice.com/sets/Throne_of_Eldraine/img/Wind-Scarred Crag.full.jpg,True,999999.0,Unknown,Wind-Scarred Crag,,,0,Throne_of_Eldraine_Foil,/spoiler_lists/Throne_of_Eldrain_(Foil),/sets/Throne_of_Eldraine_Foil/Wind-Scarred_Crag
0.9800000190734861,0.0,ChannelFireball,0.05,Wintermoor_CommanderThrone_of_Eldraine_FoiltrueNM-M,0,0.98,http://s.mtgprice.com/sets/Throne_of_Eldraine/img/Wintermoor Commander.full.jpg,True,0.24,ABUGames,Wintermoor Commander,,0.0,0,Throne_of_Eldraine_Foil,/spoiler_lists/Throne_of_Eldrain_(Foil),/sets/Throne_of_Eldraine_Foil/Wintermoor_Commander
1.580000042915344,0.0,ABUGames,7.46,Wishclaw_TalismanThrone_of_Eldraine_FoiltrueNM-M,0,1.58,http://s.mtgprice.com/sets/Throne_of_Eldraine/img/Wishclaw Talisman.full.jpg,True,1.49,CoolStuff,Wishclaw Talisman,,0.0,0,Throne_of_Eldraine_Foil,/spoiler_lists/Throne_of_Eldrain_(Foil),/sets/Throne_of_Eldraine_Foil/Wishclaw_Talisman
0.829999983310699,0.0,UNDEFINED,0.0,Wishful_MerfolkThrone_of_Eldraine_FoiltrueNM-M,0,0.8300000000000001,http://s.mtgprice.com/sets/Throne_of_Eldraine/img/Wishful Merfolk.full.jpg,True,0.25,Card Kingdom,Wishful Merfolk,,0.0,0,Throne_of_Eldraine_Foil,/spoiler_lists/Throne_of_Eldrain_(Foil),/sets/Throne_of_Eldraine_Foil/Wishful_Merfolk
0.700000047683715,-0.069999933242797,ChannelFireball,0.1,Witch's_CottageThrone_of_Eldraine_FoiltrueNM-M,0,1.09,http://s.mtgprice.com/sets/Throne_of_Eldraine/img/Witch's Cottage.full.jpg,True,0.39,StrikeZone,Witch's Cottage,179.48719787597656,-6.034477233886719,0,Throne_of_Eldraine_Foil,/spoiler_lists/Throne_of_Eldrain_(Foil),/sets/Throne_of_Eldraine_Foil/Witch's_Cottage
1.75,0.0,ABUGames,0.25,Witch's_OvenThrone_of_Eldraine_FoiltrueNM-M,0,1.75,http://s.mtgprice.com/sets/Throne_of_Eldraine/img/Witch's Oven.full.jpg,True,0.99,ABUGames,Witch's Oven,,0.0,0,Throne_of_Eldraine_Foil,/spoiler_lists/Throne_of_Eldrain_(Foil),/sets/Throne_of_Eldraine_Foil/Witch's_Oven
1.019999980926513,0.0,ABUGames,1.01,Witch's_VengeanceThrone_of_Eldraine_FoiltrueNM-M,0,1.02,http://s.mtgprice.com/sets/Throne_of_Eldraine/img/Witch's Vengeance.full.jpg,True,0.49,Card Kingdom,Witch's Vengeance,,0.0,0,Throne_of_Eldraine_Foil,/spoiler_lists/Throne_of_Eldrain_(Foil),/sets/Throne_of_Eldraine_Foil/Witch's_Vengeance
0.580000042915344,0.0,ChannelFireball,0.1,Witching_WellThrone_of_Eldraine_FoiltrueNM-M,0,1.07,http://s.mtgprice.com/sets/Throne_of_Eldraine/img/Witching Well.full.jpg,True,0.35,Card Kingdom,Witching Well,118.36734771728516,0.0,0,Throne_of_Eldraine_Foil,/spoiler_lists/Throne_of_Eldrain_(Foil),/sets/Throne_of_Eldraine_Foil/Witching_Well
0.829999983310699,0.0,ChannelFireball,0.05,Wolf's_QuarryThrone_of_Eldraine_FoiltrueNM-M,0,0.8300000000000001,http://s.mtgprice.com/sets/Throne_of_Eldraine/img/Wolf's Quarry.full.jpg,True,0.25,Card Kingdom,Wolf's Quarry,,0.0,0,Throne_of_Eldraine_Foil,/spoiler_lists/Throne_of_Eldrain_(Foil),/sets/Throne_of_Eldraine_Foil/Wolf's_Quarry
0.0,0.0,UNDEFINED,0.0,Workshop_EldersThrone_of_Eldraine_FoiltrueNM-M,0,0.0,http://s.mtgprice.com/sets/Throne_of_Eldraine/img/Workshop Elders.full.jpg,True,999999.0,Unknown,Workshop Elders,,,0,Throne_of_Eldraine_Foil,/spoiler_lists/Throne_of_Eldrain_(Foil),/sets/Throne_of_Eldraine_Foil/Workshop_Elders
1.190000057220459,0.0,ChannelFireball,0.25,Worthy_KnightThrone_of_Eldraine_FoiltrueNM-M,0,1.19,http://s.mtgprice.com/sets/Throne_of_Eldraine/img/Worthy Knight.full.jpg,True,0.49,ABUGames,Worthy Knight,,0.0,0,Throne_of_Eldraine_Foil,/spoiler_lists/Throne_of_Eldrain_(Foil),/sets/Throne_of_Eldraine_Foil/Worthy_Knight
1.350000023841858,0.0,ChannelFireball,0.25,"Yorvo,_Lord_of_GarenbrigThrone_of_Eldraine_FoiltrueNM-M",0,1.35,"http://s.mtgprice.com/sets/Throne_of_Eldraine/img/Yorvo, Lord of Garenbrig.full.jpg",True,0.75,ABUGames,"Yorvo, Lord of Garenbrig",,0.0,0,Throne_of_Eldraine_Foil,/spoiler_lists/Throne_of_Eldrain_(Foil),"/sets/Throne_of_Eldraine_Foil/Yorvo,_Lord_of_Garenbrig"
0.810000002384185,0.0,ChannelFireball,0.05,Youthful_KnightThrone_of_Eldraine_FoiltrueNM-M,0,0.81,http://s.mtgprice.com/sets/Throne_of_Eldraine/img/Youthful Knight.full.jpg,True,0.25,Card Kingdom,Youthful Knight,,0.0,0,Throne_of_Eldraine_Foil,/spoiler_lists/Throne_of_Eldrain_(Foil),/sets/Throne_of_Eldraine_Foil/Youthful_Knight
